## SLURM PROLOG ###############################################################
##    Job ID : 1036010
##  Job Name : hsmm_lstm
##  Nodelist : node1164
##      CPUs : 4
##  Mem/Node : 131072 MB
## Directory : /gpfs/data/epavlick/debert/hsmm
##   Started : Mon Apr 12 21:21:15 EDT 2021
###############################################################################
hsmm_lstm
loaded from config /users/debert/data/datasets/nbc/config/lstm.json
Epoch: 0, Loss: 2296.7526
mean
[[ 0.47794944  0.5501241  -0.8279666   0.02154271 -0.47710073 -0.5777172
   0.50618976 -0.8088201 ]
 [ 0.65193695  0.47030807 -0.76995635 -0.17752439 -0.46935758 -0.6966806
   0.38358548 -0.81195927]
 [ 0.65585816  0.46703783 -0.77025837 -0.18655655 -0.4669502  -0.6996647
   0.37841403 -0.81211245]
 [ 0.69791985  0.32903865 -0.74098265 -0.72085345 -0.10613822 -0.72424424
   0.21080503 -0.6912978 ]
 [ 0.8231374   0.25083074 -0.72193325 -0.8479437   0.32523513 -0.83300155
   0.112675    0.06520257]
 [ 0.8201687   0.32455945 -0.7228254  -0.8546258   0.24566318 -0.8208598
   0.21859281  0.00561091]
 [-0.8071132  -0.84389424  0.55501425  0.1905936   0.40134722  0.5929445
  -0.6284162   0.24162744]
 [ 0.80050695  0.34803572 -0.722975   -0.841946    0.18807626 -0.79981565
   0.25387445 -0.03147945]
 [-0.75992954 -0.73977137  0.5441587   0.47764474  0.17899673  0.5576371
  -0.40492463  0.45126408]
 [-0.8177816  -0.29718232  0.6058462   0.57628155 -0.26759738  0.61768705
  -0.00730579  0.538009  ]]

cov
[[0.1 0.1 0.1 0.1 0.1 0.1 0.1 0.1]
 [0.1 0.1 0.1 0.1 0.1 0.1 0.1 0.1]
 [0.1 0.1 0.1 0.1 0.1 0.1 0.1 0.1]
 [0.1 0.1 0.1 0.1 0.1 0.1 0.1 0.1]
 [0.1 0.1 0.1 0.1 0.1 0.1 0.1 0.1]
 [0.1 0.1 0.1 0.1 0.1 0.1 0.1 0.1]
 [0.1 0.1 0.1 0.1 0.1 0.1 0.1 0.1]
 [0.1 0.1 0.1 0.1 0.1 0.1 0.1 0.1]
 [0.1 0.1 0.1 0.1 0.1 0.1 0.1 0.1]
 [0.1 0.1 0.1 0.1 0.1 0.1 0.1 0.1]]

trans
[[0.17112844 0.16537222 0.16496828 0.14096847 0.08581826 0.08616281
  0.06314733 0.08805725 0.05914363 0.07040995]
 [0.12258059 0.13716355 0.13702448 0.09464817 0.08486855 0.08426934
  0.0539161  0.08436271 0.05496694 0.05474937]
 [0.12141515 0.13455287 0.13449658 0.09558458 0.08522597 0.08474004
  0.05392427 0.08490393 0.05494908 0.05475299]
 [0.08775775 0.08829304 0.08827334 0.09220153 0.09012639 0.08983289
  0.05483173 0.08952082 0.05496572 0.05456869]
 [0.10323039 0.1196619  0.12111297 0.16484475 0.16696408 0.165593
  0.07118043 0.16517743 0.05967022 0.06135546]
 [0.08672765 0.09041737 0.09053347 0.13826036 0.17008947 0.16966793
  0.05576092 0.16925044 0.05616409 0.04912677]
 [0.07369825 0.06168074 0.0614585  0.06134004 0.07728772 0.06851359
  0.21467616 0.0650089  0.20714243 0.20937411]
 [0.08673487 0.08917906 0.08922536 0.11686001 0.13583699 0.15343082
  0.0541767  0.15761381 0.05552258 0.05502735]
 [0.05679673 0.05066399 0.05046694 0.04585253 0.04649087 0.04389599
  0.16669011 0.04333482 0.19059446 0.17179735]
 [0.08993024 0.06301524 0.06244005 0.04943958 0.05729175 0.05389358
  0.21169627 0.05276991 0.20688091 0.21883793]]

lengths
[1.7019497 1.5646954 1.5662543 1.6063954 2.0120249 1.6422691 1.5935252
 1.56337   1.6730293 1.7003801]

Epoch: 1, Loss: 1132.2502
mean
[[-0.0553527   1.3013976  -0.9566029   0.85946643 -1.3290967  -0.11236439
   1.1160525  -1.5125196 ]
 [ 0.9400113   0.86219835 -1.2269771   0.07190607 -0.94938946 -1.0418339
   0.70705074 -1.3380274 ]
 [ 0.94922024  0.84306324 -1.2330165   0.04064779 -0.9327495  -1.0515865
   0.67394453 -1.3600295 ]
 [ 0.6985056   0.07435994 -1.0531435  -0.6525723   0.21281359 -0.84989107
  -0.24745803 -1.3320612 ]
 [ 1.2144555  -0.0112805  -0.45399994 -0.8552026   0.69367033 -1.1091348
  -0.0561437   0.3773606 ]
 [ 1.1048547   0.11615871 -0.5157125  -0.6932147   0.4752634  -1.0043544
   0.05471754  0.26195344]
 [-1.2530494  -1.5931858   0.7685173  -0.3960636   1.0569521   1.0358645
  -1.4094656  -0.29958883]
 [ 1.2453      0.351775   -0.7141612  -0.7299317   0.49555504 -1.1540351
   0.2195873   0.45934802]
 [-1.224673   -1.0343488   1.0845004   0.7269644   0.7060568   1.0691559
  -0.48859116  1.030603  ]
 [-1.361657    0.30315247  1.3796035   1.2770429  -0.5518762   1.3674524
   0.6780077   1.2119031 ]]

cov
[[0.1 0.1 0.1 0.1 0.1 0.1 0.1 0.1]
 [0.1 0.1 0.1 0.1 0.1 0.1 0.1 0.1]
 [0.1 0.1 0.1 0.1 0.1 0.1 0.1 0.1]
 [0.1 0.1 0.1 0.1 0.1 0.1 0.1 0.1]
 [0.1 0.1 0.1 0.1 0.1 0.1 0.1 0.1]
 [0.1 0.1 0.1 0.1 0.1 0.1 0.1 0.1]
 [0.1 0.1 0.1 0.1 0.1 0.1 0.1 0.1]
 [0.1 0.1 0.1 0.1 0.1 0.1 0.1 0.1]
 [0.1 0.1 0.1 0.1 0.1 0.1 0.1 0.1]
 [0.1 0.1 0.1 0.1 0.1 0.1 0.1 0.1]]

trans
[[0.38411662 0.3211779  0.3217965  0.20162235 0.05030282 0.04304438
  0.06849229 0.04886092 0.04356645 0.09000804]
 [0.05477592 0.08605275 0.08613142 0.05721737 0.03348462 0.03031717
  0.02225615 0.03129848 0.0271302  0.02252038]
 [0.05403563 0.08225153 0.08261582 0.05928541 0.03364688 0.03050736
  0.02234726 0.03144753 0.02685123 0.02245355]
 [0.04043407 0.05652115 0.05777395 0.11929449 0.03696109 0.03391805
  0.03606439 0.03344936 0.02862571 0.02393757]
 [0.08508876 0.11894029 0.12005568 0.16200607 0.25550008 0.24995929
  0.09880608 0.24707192 0.03463978 0.06432922]
 [0.04799057 0.06180783 0.06124549 0.0928994  0.29671    0.31337586
  0.03636026 0.3012856  0.0301898  0.0344086 ]
 [0.09928438 0.09528569 0.09706882 0.14950559 0.12481542 0.09215788
  0.40771088 0.07424584 0.24096994 0.15792847]
 [0.04112923 0.06860174 0.0647121  0.06871772 0.08547376 0.13437779
  0.02542382 0.15817718 0.02959225 0.02895336]
 [0.02821603 0.03139771 0.03156658 0.03080308 0.01887591 0.01696011
  0.08775141 0.0190019  0.17166054 0.10200359]
 [0.16492875 0.07796338 0.07703362 0.05864854 0.06422939 0.05538211
  0.19478749 0.05516122 0.36677408 0.4534572 ]]

lengths
[1.3497558 1.4095436 1.4176621 1.3350755 1.6872935 1.4291874 1.2102491
 1.1500996 1.4213067 1.2730303]

Epoch: 2, Loss: 874.3058
mean
[[-0.2764101   1.4278545  -0.4882126   1.4446642  -1.9036273   0.15643518
   1.0022329  -1.4305451 ]
 [ 0.91922385  1.2206823  -1.3140404   0.4407528  -1.4149346  -1.0361403
   1.143456   -1.3617151 ]
 [ 1.08142     1.0388526  -1.4905739   0.13296719 -1.1805025  -1.2204068
   0.8344963  -1.676322  ]
 [ 0.16301656 -0.46261862 -0.7969125  -0.10181303  0.14291126 -0.38756466
  -0.8934419  -1.7303572 ]
 [ 1.1439717  -0.04311833 -0.40245122 -0.7662582   0.6865833  -0.9790311
  -0.06979457  0.2799765 ]
 [ 0.70743626  0.20750971 -0.53713584 -0.70977     0.2961001  -0.6661936
   0.10302681  0.07440481]
 [-1.0356789  -1.8703594   0.4744947  -0.7388914   1.1553845   0.8563975
  -1.8990974  -0.5748352 ]
 [ 1.313789    0.5100424  -0.65966886 -0.32805416  0.29634166 -1.135256
   0.33978856  0.60976964]
 [-1.3660419  -0.48057258  1.6026496   0.5947733   0.28783804  1.4661618
   0.09349877  1.4627666 ]
 [-1.3699424   0.61563796  1.7193387   1.642054   -0.5944811   1.6917958
   1.0628941   1.3111616 ]]

cov
[[0.1 0.1 0.1 0.1 0.1 0.1 0.1 0.1]
 [0.1 0.1 0.1 0.1 0.1 0.1 0.1 0.1]
 [0.1 0.1 0.1 0.1 0.1 0.1 0.1 0.1]
 [0.1 0.1 0.1 0.1 0.1 0.1 0.1 0.1]
 [0.1 0.1 0.1 0.1 0.1 0.1 0.1 0.1]
 [0.1 0.1 0.1 0.1 0.1 0.1 0.1 0.1]
 [0.1 0.1 0.1 0.1 0.1 0.1 0.1 0.1]
 [0.1 0.1 0.1 0.1 0.1 0.1 0.1 0.1]
 [0.1 0.1 0.1 0.1 0.1 0.1 0.1 0.1]
 [0.1 0.1 0.1 0.1 0.1 0.1 0.1 0.1]]

trans
[[0.53425235 0.376427   0.42227364 0.23309483 0.0322684  0.03334022
  0.08687709 0.03308363 0.0575394  0.09164224]
 [0.03080203 0.12050816 0.09449757 0.03113041 0.01623833 0.01389375
  0.01103084 0.01827555 0.01695152 0.01154577]
 [0.02582745 0.05236635 0.05174525 0.03238449 0.01595771 0.0114348
  0.01151477 0.01738994 0.01554387 0.01110558]
 [0.03162403 0.03334526 0.04116531 0.16577844 0.01900109 0.01802778
  0.04690284 0.01699283 0.02511501 0.0151222 ]
 [0.03930657 0.06618185 0.07984862 0.06739029 0.19818161 0.10364386
  0.08106043 0.18929979 0.02228776 0.04013173]
 [0.0750424  0.08691876 0.05516758 0.08945261 0.4791877  0.6275309
  0.0663327  0.47441593 0.04279671 0.05444616]
 [0.0860333  0.07945961 0.1099554  0.28330737 0.13549303 0.09026302
  0.5293185  0.06168551 0.17251174 0.0823385 ]
 [0.019417   0.0872205  0.05315392 0.02836558 0.04638064 0.04596645
  0.01412454 0.09890822 0.02397721 0.02000011]
 [0.03041117 0.02669526 0.02071173 0.02638302 0.01082082 0.0223184
  0.05595743 0.02138614 0.24454543 0.10739925]
 [0.12728368 0.07087723 0.071481   0.04271292 0.04647065 0.03358086
  0.09688093 0.06856249 0.37873134 0.5662685 ]]

lengths
[1.2333276 1.3683417 1.2116116 1.0860298 1.1007934 1.6297756 1.2247922
 1.0104941 1.2959408 1.2195355]

Epoch: 3, Loss: 783.1297
mean
[[-0.3341984   1.2310718  -0.344169    1.6645132  -2.0676289   0.2258067
   0.74902767 -1.1256427 ]
 [ 0.45771542  1.4149283  -0.95089483  0.882101   -1.7454289  -0.57082874
   1.3254334  -1.1404164 ]
 [ 1.1462673   1.0545646  -1.6892442   0.04737347 -1.1831708  -1.3203806
   0.7543554  -1.9764132 ]
 [-0.42936042 -0.68609625 -0.34412366  0.13687389 -0.2493401   0.18068033
  -1.2470545  -1.4854987 ]
 [ 1.0082011  -0.01424859 -0.5837946  -0.8707134   0.6438079  -0.8739991
  -0.16400275  0.11707316]
 [ 0.98759335  0.17140286 -0.5184947  -0.7669886   0.3975772  -0.9259245
   0.12374277  0.15979429]
 [-0.8328281  -1.7088063   0.34638146 -0.6533212   0.96820414  0.6267049
  -1.9361669  -0.36380148]
 [ 1.29424     0.9140672  -0.7640733  -0.00767495 -0.02161938 -1.0664574
   0.7013152   0.80466276]
 [-1.1979499  -0.29737     1.7471626   0.7072755   0.08056815  1.5226038
   0.22813925  1.278036  ]
 [-1.2767469   0.88032     1.7264581   1.9008832  -0.98393816  1.7303796
   1.3238806   1.1541412 ]]

cov
[[0.1 0.1 0.1 0.1 0.1 0.1 0.1 0.1]
 [0.1 0.1 0.1 0.1 0.1 0.1 0.1 0.1]
 [0.1 0.1 0.1 0.1 0.1 0.1 0.1 0.1]
 [0.1 0.1 0.1 0.1 0.1 0.1 0.1 0.1]
 [0.1 0.1 0.1 0.1 0.1 0.1 0.1 0.1]
 [0.1 0.1 0.1 0.1 0.1 0.1 0.1 0.1]
 [0.1 0.1 0.1 0.1 0.1 0.1 0.1 0.1]
 [0.1 0.1 0.1 0.1 0.1 0.1 0.1 0.1]
 [0.1 0.1 0.1 0.1 0.1 0.1 0.1 0.1]
 [0.1 0.1 0.1 0.1 0.1 0.1 0.1 0.1]]

trans
[[0.48317194 0.18917422 0.30830863 0.18969527 0.02693247 0.02547983
  0.07857002 0.02876176 0.05697301 0.08682536]
 [0.0384948  0.31055433 0.22847873 0.03010837 0.01260053 0.01374051
  0.00786484 0.02270656 0.0106814  0.00981524]
 [0.01875501 0.04939661 0.03718089 0.0273738  0.01182492 0.00573216
  0.00922418 0.01595924 0.0081893  0.00822496]
 [0.05064759 0.02703768 0.06633247 0.2361448  0.01548045 0.01703026
  0.07188159 0.01366681 0.02344221 0.01377048]
 [0.02414912 0.05358407 0.07979327 0.03129538 0.14928205 0.03789802
  0.07200515 0.15447138 0.01358155 0.03078643]
 [0.14376487 0.1844303  0.05734428 0.11061894 0.55701673 0.75008583
  0.15291615 0.47521058 0.0837897  0.10302049]
 [0.08013855 0.04620973 0.10995545 0.2882544  0.14962542 0.08142666
  0.48911262 0.05144901 0.08243649 0.06702042]
 [0.01266282 0.07076589 0.04152973 0.01463182 0.03588253 0.01507055
  0.00946572 0.08328661 0.02474402 0.01639678]
 [0.06113848 0.02739399 0.01661364 0.03843741 0.00920055 0.03801725
  0.05457359 0.04915299 0.53833467 0.17791958]
 [0.08707685 0.04145321 0.05446292 0.03343987 0.03215437 0.01551895
  0.05438613 0.10533509 0.15782766 0.48622027]]

lengths
[1.3139164 1.4883776 1.1012347 1.2322863 0.9619432 1.3370972 1.316908
 1.0462165 1.485824  1.2427547]

Epoch: 4, Loss: 729.5516
mean
[[-0.4017267   1.0128516  -0.40741238  1.6305013  -1.9692683   0.28139883
   0.58465606 -0.98866886]
 [ 0.24521923  1.084807   -0.80125767  0.7042383  -1.469462   -0.37214524
   0.9128102  -1.323619  ]
 [ 1.1601843   0.99397665 -1.8463888  -0.01085608 -1.0947056  -1.3648964
   0.5731235  -2.176702  ]
 [-0.69827855 -0.47174025 -0.06103451  0.1650257  -0.12005032  0.45281836
  -1.017268   -0.9142978 ]
 [ 0.90496993 -0.13371523 -0.71833056 -0.99015117  0.6841668  -0.8350669
  -0.41143465 -0.03414716]
 [ 0.90209967  0.15269268 -0.54738295 -0.71917075  0.38920757 -0.8249353
   0.12500496  0.14089853]
 [-0.88973755 -1.5459981   0.4705024  -0.51643986  0.95041275  0.6304164
  -1.7546271  -0.16337946]
 [ 1.1417394   1.3066357  -0.7534248   0.30974913 -0.32050622 -0.8970113
   1.1195852   1.0011429 ]
 [-1.2094634  -0.5140249   1.568939    0.77960527  0.30208817  1.388729
   0.05820724  1.2602296 ]
 [-1.1951556   1.1167264   1.5825834   2.0932794  -1.3812746   1.6383923
   1.5210127   0.9649457 ]]

cov
[[0.1 0.1 0.1 0.1 0.1 0.1 0.1 0.1]
 [0.1 0.1 0.1 0.1 0.1 0.1 0.1 0.1]
 [0.1 0.1 0.1 0.1 0.1 0.1 0.1 0.1]
 [0.1 0.1 0.1 0.1 0.1 0.1 0.1 0.1]
 [0.1 0.1 0.1 0.1 0.1 0.1 0.1 0.1]
 [0.1 0.1 0.1 0.1 0.1 0.1 0.1 0.1]
 [0.1 0.1 0.1 0.1 0.1 0.1 0.1 0.1]
 [0.1 0.1 0.1 0.1 0.1 0.1 0.1 0.1]
 [0.1 0.1 0.1 0.1 0.1 0.1 0.1 0.1]
 [0.1 0.1 0.1 0.1 0.1 0.1 0.1 0.1]]

trans
[[0.35498488 0.08162172 0.15958723 0.12908584 0.03472398 0.0198452
  0.06074054 0.02888733 0.03763848 0.07859562]
 [0.05967179 0.5283032  0.3872629  0.0481002  0.01444675 0.02960688
  0.00786172 0.0391934  0.00816265 0.01016576]
 [0.01697614 0.05297425 0.03294012 0.02885398 0.0132699  0.00592913
  0.01076557 0.01733577 0.00401875 0.00708813]
 [0.10116087 0.03200319 0.13263984 0.27946958 0.01831186 0.03041481
  0.11626221 0.01414098 0.01999936 0.01445976]
 [0.01803464 0.02767564 0.05847096 0.0197915  0.14398113 0.02358094
  0.05942261 0.1290266  0.00673764 0.02501386]
 [0.1832725  0.17420438 0.07161178 0.14253072 0.47686246 0.71652746
  0.2263022  0.35743162 0.08768465 0.16356814]
 [0.07208038 0.03394387 0.07460105 0.25658602 0.21080403 0.08642896
  0.40770522 0.04450168 0.04826091 0.06921148]
 [0.01063403 0.02866764 0.02636806 0.01146446 0.04781771 0.00953047
  0.0079166  0.07378261 0.02730086 0.01332463]
 [0.11415569 0.01974386 0.01061805 0.05185168 0.01029972 0.06504419
  0.06423353 0.14657812 0.6969589  0.25467753]
 [0.06902904 0.02086229 0.04589996 0.03226601 0.02948246 0.01309198
  0.03878981 0.14912188 0.06323779 0.3638951 ]]

lengths
[1.299493  1.2780902 1.1276212 1.2733724 1.0196377 1.4860189 1.2612289
 1.1509284 1.2712038 1.2562816]

Epoch: 5, Loss: 690.3708
mean
[[-0.5017036   1.0760156  -0.5528902   1.694053   -1.9576799   0.37196073
   0.67029476 -1.0602894 ]
 [ 0.19703048  0.75406903 -0.7282935   0.6373441  -1.2760082  -0.3468116
   0.5923634  -1.2885239 ]
 [ 1.2197641   1.0535556  -1.999276    0.07618314 -1.1441798  -1.432262
   0.5859628  -2.2551184 ]
 [-0.57694167 -0.3024591   0.00159769  0.25325456 -0.1975427   0.37964952
  -0.5932138  -0.70824766]
 [ 0.837297   -0.37493357 -0.8209589  -1.0903498   0.8085227  -0.83944863
  -0.8045799  -0.22634417]
 [ 0.9482187   0.16887175 -0.57075405 -0.7492695   0.37501115 -0.8918457
   0.12623267  0.1382301 ]
 [-0.9813956  -1.5740288   0.5355131  -0.5283314   1.0460559   0.73014504
  -1.6405075  -0.2385415 ]
 [ 0.92392087  1.6144075  -0.60813963  0.65317947 -0.61098963 -0.6853249
   1.5381873   1.1038784 ]
 [-1.2904588  -0.35603884  1.5756756   0.7157464   0.16950238  1.4103167
   0.22955807  1.4192262 ]
 [-1.1566255   1.2804152   1.4003291   2.2205665  -1.5894276   1.5123398
   1.6435019   0.83017236]]

cov
[[0.1 0.1 0.1 0.1 0.1 0.1 0.1 0.1]
 [0.1 0.1 0.1 0.1 0.1 0.1 0.1 0.1]
 [0.1 0.1 0.1 0.1 0.1 0.1 0.1 0.1]
 [0.1 0.1 0.1 0.1 0.1 0.1 0.1 0.1]
 [0.1 0.1 0.1 0.1 0.1 0.1 0.1 0.1]
 [0.1 0.1 0.1 0.1 0.1 0.1 0.1 0.1]
 [0.1 0.1 0.1 0.1 0.1 0.1 0.1 0.1]
 [0.1 0.1 0.1 0.1 0.1 0.1 0.1 0.1]
 [0.1 0.1 0.1 0.1 0.1 0.1 0.1 0.1]
 [0.1 0.1 0.1 0.1 0.1 0.1 0.1 0.1]]

trans
[[0.2541054  0.05088374 0.10656724 0.07263076 0.04378122 0.01086677
  0.05229192 0.02823159 0.02452303 0.07536013]
 [0.11000462 0.5543987  0.3958212  0.08037009 0.01828026 0.07113608
  0.00942689 0.05480746 0.01261102 0.01160888]
 [0.01690486 0.0439921  0.03002526 0.02874453 0.01662348 0.00676405
  0.01399238 0.01586793 0.00283768 0.0066853 ]
 [0.17071356 0.06744151 0.19969662 0.22552103 0.02441139 0.04329262
  0.18564108 0.01479656 0.02461076 0.01757885]
 [0.01455839 0.01525238 0.04802919 0.01764244 0.1424534  0.01811478
  0.04455398 0.08849931 0.00456865 0.02031372]
 [0.14414193 0.17899533 0.10048866 0.15773638 0.3687724  0.68030655
  0.20090905 0.23785783 0.0890284  0.20017476]
 [0.06612541 0.02929512 0.0513121  0.31896076 0.27634063 0.08702291
  0.38555267 0.04056937 0.04563662 0.08147524]
 [0.01095301 0.01333698 0.01893479 0.0125086  0.06836829 0.00802653
  0.0076411  0.05717582 0.04049288 0.01220836]
 [0.1397544  0.03138233 0.00681022 0.04957506 0.01205445 0.06033815
  0.0659502  0.3100194  0.7108118  0.2875917 ]
 [0.07273848 0.01502182 0.0423147  0.03631034 0.0289145  0.01413157
  0.03404073 0.1521747  0.04487917 0.28700307]]

lengths
[1.2367373 1.3489972 1.2350206 1.171826  1.1060302 1.4457653 1.2680188
 1.1745707 1.3990839 1.2806551]

Epoch: 6, Loss: 668.8299
mean
[[-0.5009734   1.3250777  -0.78544855  1.8579669  -2.075902    0.34017605
   0.8647912  -1.2914603 ]
 [ 0.22813049  0.98174834 -0.7565474   0.67025083 -1.3993374  -0.35850763
   0.8238957  -1.266888  ]
 [ 1.2843534   1.2326596  -2.1022012   0.25010663 -1.3611977  -1.4912632
   0.78932524 -2.2741573 ]
 [-0.4662148  -0.25255075  0.02863428  0.32224372 -0.32880718  0.34115392
  -0.38519025 -0.71509486]
 [ 0.75788575 -0.6587385  -0.88571835 -1.142175    0.9583149  -0.8310557
  -1.2487813  -0.47182888]
 [ 0.92763734  0.17498703 -0.5557889  -0.7655833   0.40100554 -0.85419744
   0.12212738  0.16284826]
 [-0.97365785 -1.6469216   0.48618907 -0.5634337   1.023972    0.7587806
  -1.6521534  -0.35567537]
 [ 0.76488477  1.7636365  -0.47899678  0.85867536 -0.8089307  -0.54422873
   1.782834    1.0638897 ]
 [-1.2499232  -0.3834215   1.6667622   0.7879783   0.19205423  1.4751036
   0.16785729  1.3669422 ]
 [-1.1511557   1.3708384   1.2496631   2.2947958  -1.6385634   1.4088126
   1.7116339   0.7530081 ]]

cov
[[0.1 0.1 0.1 0.1 0.1 0.1 0.1 0.1]
 [0.1 0.1 0.1 0.1 0.1 0.1 0.1 0.1]
 [0.1 0.1 0.1 0.1 0.1 0.1 0.1 0.1]
 [0.1 0.1 0.1 0.1 0.1 0.1 0.1 0.1]
 [0.1 0.1 0.1 0.1 0.1 0.1 0.1 0.1]
 [0.1 0.1 0.1 0.1 0.1 0.1 0.1 0.1]
 [0.1 0.1 0.1 0.1 0.1 0.1 0.1 0.1]
 [0.1 0.1 0.1 0.1 0.1 0.1 0.1 0.1]
 [0.1 0.1 0.1 0.1 0.1 0.1 0.1 0.1]
 [0.1 0.1 0.1 0.1 0.1 0.1 0.1 0.1]]

trans
[[0.18979074 0.05719692 0.1083663  0.04386516 0.05040041 0.00556465
  0.05204206 0.02948755 0.01708312 0.06823423]
 [0.21854512 0.43727526 0.3201398  0.09868542 0.02459477 0.07510432
  0.01122446 0.06645807 0.0257272  0.01373568]
 [0.01669682 0.03622472 0.03615924 0.02722581 0.0228331  0.00661942
  0.01785375 0.01336991 0.00247035 0.00704988]
 [0.20214377 0.12106005 0.2349968  0.179122   0.03423145 0.03798009
  0.18596981 0.01621932 0.03425004 0.02644043]
 [0.01199606 0.01002538 0.04936722 0.01895569 0.13668884 0.0149831
  0.04027051 0.0594005  0.00423957 0.01745677]
 [0.08925389 0.22152379 0.14688559 0.1577868  0.29478407 0.71092254
  0.17913882 0.18353438 0.09299731 0.20673797]
 [0.0600445  0.03308192 0.03994666 0.36860856 0.3128014  0.0844605
  0.41267148 0.04208909 0.0499927  0.10276745]
 [0.01220939 0.00954474 0.01777133 0.01574674 0.07992183 0.0068644
  0.00811026 0.04696196 0.05194713 0.01401019]
 [0.11788991 0.05916522 0.00509057 0.04390747 0.01471097 0.04254557
  0.06000001 0.38622662 0.6764702  0.2827296 ]
 [0.08142976 0.01490198 0.04127657 0.04609636 0.02903317 0.01495544
  0.03271884 0.15625258 0.04482235 0.2608378 ]]

lengths
[1.2128946 1.3152944 1.2774146 1.2402542 1.138444  1.4441897 1.28354
 1.0962754 1.3467705 1.2973435]

Epoch: 7, Loss: 651.6476
mean
[[-0.44463247  1.6099864  -0.9976388   2.0622153  -2.2650023   0.25772986
   1.0363084  -1.5397596 ]
 [ 0.19100589  0.8729143  -0.7394441   0.67437476 -1.3301028  -0.3339323
   0.69158804 -1.29022   ]
 [ 1.3316729   1.388021   -2.1368387   0.32011533 -1.529914   -1.5298072
   0.9942875  -2.2797744 ]
 [-0.5383022  -0.15124303  0.06524908  0.44118664 -0.40615788  0.42195293
  -0.34230945 -0.6726503 ]
 [ 0.60024214 -0.9064737  -0.8937781  -1.0691376   1.0222776  -0.7469926
  -1.6329395  -0.8194172 ]
 [ 0.94194263  0.16739292 -0.54969543 -0.7626662   0.39483914 -0.8774735
   0.11735381  0.1367074 ]
 [-0.9466459  -1.6337845   0.4639023  -0.5386953   0.9548257   0.7268023
  -1.6940646  -0.3347307 ]
 [ 0.7001122   1.7895532  -0.43358666  0.90531236 -0.8860317  -0.49711612
   1.8439407   0.98647505]
 [-1.2529761  -0.41969112  1.6444072   0.7518087   0.21997687  1.4566264
   0.16747077  1.3409284 ]
 [-1.160776    1.3857963   1.1635382   2.3162208  -1.5853158   1.3503759
   1.7250211   0.74010074]]

cov
[[0.1 0.1 0.1 0.1 0.1 0.1 0.1 0.1]
 [0.1 0.1 0.1 0.1 0.1 0.1 0.1 0.1]
 [0.1 0.1 0.1 0.1 0.1 0.1 0.1 0.1]
 [0.1 0.1 0.1 0.1 0.1 0.1 0.1 0.1]
 [0.1 0.1 0.1 0.1 0.1 0.1 0.1 0.1]
 [0.1 0.1 0.1 0.1 0.1 0.1 0.1 0.1]
 [0.1 0.1 0.1 0.1 0.1 0.1 0.1 0.1]
 [0.1 0.1 0.1 0.1 0.1 0.1 0.1 0.1]
 [0.1 0.1 0.1 0.1 0.1 0.1 0.1 0.1]
 [0.1 0.1 0.1 0.1 0.1 0.1 0.1 0.1]]

trans
[[0.14815041 0.06870709 0.12707943 0.03549547 0.05532266 0.00366313
  0.04838741 0.03006604 0.01339473 0.05787799]
 [0.34292915 0.44060633 0.27372122 0.123731   0.03475466 0.05850423
  0.01297025 0.07889272 0.03943206 0.01684952]
 [0.01600075 0.03270473 0.04587825 0.02425247 0.03401349 0.00656245
  0.0210162  0.01194139 0.00224481 0.00774144]
 [0.18289137 0.1182601  0.2260773  0.1686165  0.05489255 0.03249877
  0.14271884 0.02045089 0.03964444 0.04341114]
 [0.0099684  0.00736738 0.05365789 0.02590444 0.13715133 0.01517947
  0.0457042  0.04530348 0.00444009 0.015859  ]
 [0.05598804 0.20829576 0.17632905 0.1616011  0.2628767  0.72627413
  0.19206138 0.1856175  0.09489174 0.1958285 ]
 [0.05476221 0.0378474  0.03303296 0.3270434  0.29547638 0.09155748
  0.4418827  0.04938401 0.051472   0.12561154]
 [0.01332108 0.00857672 0.01891483 0.02035254 0.07688563 0.00651547
  0.0084238  0.04779321 0.0450228  0.01815745]
 [0.08805528 0.0616233  0.00461093 0.04949562 0.01907169 0.04236175
  0.05415088 0.33943224 0.6608255  0.2627459 ]
 [0.08793332 0.01601124 0.04069816 0.06350744 0.02955492 0.01688307
  0.03268433 0.19111851 0.04863184 0.25591752]]

lengths
[1.2159966 1.3549031 1.202637  1.273871  1.1281223 1.4477314 1.2694108
 1.0473431 1.3695858 1.29489  ]

Epoch: 8, Loss: 627.4693
mean
[[-0.35201213  1.8724031  -1.1455364   2.259491   -2.4828515   0.16027136
   1.1972696  -1.7270548 ]
 [ 0.16601337  0.8602233  -0.74235123  0.6925328  -1.3443599  -0.3088432
   0.6481154  -1.3020853 ]
 [ 1.354469    1.4738895  -2.107246    0.30235234 -1.6073356  -1.5442803
   1.1576427  -2.2473269 ]
 [-0.6284413  -0.02036732  0.23571132  0.57635677 -0.4975091   0.5340756
  -0.19895233 -0.43230003]
 [ 0.26026726 -1.0430769  -0.8068402  -0.7685962   0.8550171  -0.49169603
  -1.841582   -1.3223503 ]
 [ 0.92752576  0.15180439 -0.55401796 -0.7609103   0.39904043 -0.86464256
   0.10590172  0.14674121]
 [-0.9751407  -1.586977    0.5288664  -0.5020526   0.95890653  0.7423785
  -1.6754254  -0.23286887]
 [ 0.6941132   1.7600219  -0.43918967  0.8805489  -0.9024999  -0.50278974
   1.8241304   0.91733134]
 [-1.2760016  -0.38267434  1.6269065   0.76113683  0.18987545  1.4458804
   0.18810602  1.3883567 ]
 [-1.1734841   1.3517232   1.1399317   2.3009498  -1.5153989   1.3355947
   1.6986902   0.76723725]]

cov
[[0.1 0.1 0.1 0.1 0.1 0.1 0.1 0.1]
 [0.1 0.1 0.1 0.1 0.1 0.1 0.1 0.1]
 [0.1 0.1 0.1 0.1 0.1 0.1 0.1 0.1]
 [0.1 0.1 0.1 0.1 0.1 0.1 0.1 0.1]
 [0.1 0.1 0.1 0.1 0.1 0.1 0.1 0.1]
 [0.1 0.1 0.1 0.1 0.1 0.1 0.1 0.1]
 [0.1 0.1 0.1 0.1 0.1 0.1 0.1 0.1]
 [0.1 0.1 0.1 0.1 0.1 0.1 0.1 0.1]
 [0.1 0.1 0.1 0.1 0.1 0.1 0.1 0.1]
 [0.1 0.1 0.1 0.1 0.1 0.1 0.1 0.1]]

trans
[[0.12513985 0.08142138 0.13964693 0.03339825 0.04447811 0.00322449
  0.03988329 0.03282718 0.0111338  0.04719215]
 [0.43372023 0.4684867  0.28308985 0.13997261 0.04858408 0.06117353
  0.01513699 0.08165115 0.0400335  0.02037457]
 [0.01581658 0.03354258 0.05796137 0.02059469 0.04925206 0.00703946
  0.02073588 0.01089905 0.00204943 0.00823938]
 [0.14392394 0.09396377 0.16417047 0.15079513 0.09560566 0.03092073
  0.12617138 0.02697536 0.03881129 0.06687348]
 [0.00845981 0.00827004 0.06034019 0.04326684 0.15239345 0.01839277
  0.05615387 0.03711748 0.0052846  0.01544605]
 [0.04032253 0.19548844 0.20295686 0.12426385 0.26714668 0.7130567
  0.20823736 0.20308176 0.09512977 0.18493102]
 [0.05268627 0.043502   0.02704998 0.32154965 0.23349737 0.08953382
  0.44277054 0.05731308 0.04780999 0.1372133 ]
 [0.01487725 0.00898303 0.02081889 0.02443181 0.05538409 0.00689581
  0.00874336 0.0523653  0.03529011 0.02476672]
 [0.0700126  0.04913942 0.00483082 0.06368252 0.02465963 0.05089755
  0.04965982 0.2641288  0.67198867 0.24214935]
 [0.09504095 0.01720264 0.03913464 0.07804463 0.02899883 0.01886512
  0.0325075  0.23364082 0.05246878 0.25281397]]

lengths
[1.2297245 1.3150135 1.1577581 1.2008287 1.1494458 1.4356459 1.266611
 1.0549563 1.3637689 1.2861801]

Epoch: 9, Loss: 609.7838
mean
[[-0.28244787  2.0791903  -1.2456213   2.4274864  -2.69284     0.09311981
   1.326133   -1.8481178 ]
 [ 0.16777895  0.8966562  -0.7501103   0.70506895 -1.3596402  -0.3139746
   0.6837352  -1.3051256 ]
 [ 1.3935071   1.4765908  -2.0687768   0.20072322 -1.5596185  -1.5729934
   1.2445952  -2.1787827 ]
 [-0.6258725   0.02935799  0.34801838  0.5783632  -0.4627975   0.5720872
  -0.00683488 -0.22221503]
 [-0.11070849 -0.9646731  -0.7171464  -0.4610003   0.5713868  -0.19549985
  -1.776196   -1.7083673 ]
 [ 0.9371521   0.14571348 -0.56000596 -0.7624951   0.40596178 -0.8686993
   0.10260671  0.1436657 ]
 [-0.98651576 -1.5797994   0.56026006 -0.50604683  0.9840113   0.7699752
  -1.6226753  -0.19536029]
 [ 0.71668077  1.7485148  -0.4648025   0.86636543 -0.9231281  -0.5296843
   1.8239912   0.88621753]
 [-1.2776434  -0.42819571  1.6730287   0.76502335  0.22477429  1.4785899
   0.1653937   1.3922974 ]
 [-1.1820818   1.3125838   1.1521144   2.2768545  -1.4910187   1.3473039
   1.6610453   0.7969266 ]]

cov
[[0.1 0.1 0.1 0.1 0.1 0.1 0.1 0.1]
 [0.1 0.1 0.1 0.1 0.1 0.1 0.1 0.1]
 [0.1 0.1 0.1 0.1 0.1 0.1 0.1 0.1]
 [0.1 0.1 0.1 0.1 0.1 0.1 0.1 0.1]
 [0.1 0.1 0.1 0.1 0.1 0.1 0.1 0.1]
 [0.1 0.1 0.1 0.1 0.1 0.1 0.1 0.1]
 [0.1 0.1 0.1 0.1 0.1 0.1 0.1 0.1]
 [0.1 0.1 0.1 0.1 0.1 0.1 0.1 0.1]
 [0.1 0.1 0.1 0.1 0.1 0.1 0.1 0.1]
 [0.1 0.1 0.1 0.1 0.1 0.1 0.1 0.1]]

trans
[[0.11372306 0.08288014 0.12614997 0.03103375 0.03043311 0.00303569
  0.0337695  0.03758903 0.00987291 0.04026174]
 [0.47426406 0.46127015 0.31039852 0.1348686  0.06129162 0.06611376
  0.02019105 0.07775071 0.0334152  0.02464246]
 [0.01629343 0.03393681 0.0671716  0.01481686 0.06341458 0.00762042
  0.01810955 0.00994564 0.00189772 0.0081133 ]
 [0.11699153 0.09702267 0.09848488 0.13520399 0.13147426 0.0293626
  0.12642528 0.03592913 0.04193575 0.09096134]
 [0.00762829 0.01204324 0.0783549  0.06128214 0.18418938 0.02282405
  0.0558611  0.03367066 0.00700473 0.01574246]
 [0.03324923 0.19814302 0.23276187 0.10652015 0.24056491 0.70916027
  0.21950355 0.21838063 0.09712015 0.17924783]
 [0.05587057 0.04733322 0.02220021 0.3172667  0.19784522 0.08393912
  0.4391764  0.05496045 0.04185677 0.13248321]
 [0.01735045 0.00990784 0.02247732 0.03047844 0.03735834 0.00725006
  0.00884573 0.05992433 0.02852053 0.03188339]
 [0.06177284 0.04004484 0.00542648 0.08497756 0.027194   0.0518832
  0.04555918 0.21856104 0.6829809  0.22810216]
 [0.10285659 0.01741806 0.03657427 0.08355181 0.02623457 0.01881085
  0.03255867 0.25328836 0.05539532 0.24856211]]

lengths
[1.2252052 1.350971  1.1845835 1.2363148 1.2328588 1.4472058 1.2770321
 1.0808183 1.353003  1.2849689]

Epoch: 10, Loss: 603.4876
mean
[[-0.24300514  2.2311268  -1.3118657   2.561441   -2.8767698   0.05867818
   1.427719   -1.915136  ]
 [ 0.13959526  0.86718965 -0.7398361   0.7261418  -1.3696498  -0.28650457
   0.6418161  -1.3140513 ]
 [ 1.4473789   1.406278   -2.0375316   0.05396223 -1.415131   -1.6148595
   1.2357788  -2.0942233 ]
 [-0.58319926  0.03853399  0.32613698  0.5853183  -0.4648703   0.5437182
   0.0730138  -0.18334325]
 [-0.32534212 -0.86459064 -0.69780797 -0.34233356  0.34873408 -0.0360657
  -1.6549326  -1.8211528 ]
 [ 0.9287698   0.14297862 -0.55739635 -0.76526403  0.40537724 -0.8691257
   0.10435738  0.13692394]
 [-0.954747   -1.5967214   0.5218094  -0.53309387  0.9888585   0.7469862
  -1.6090344  -0.22639357]
 [ 0.7533566   1.7844006  -0.50345707  0.8801981  -0.9582789  -0.5661695
   1.871061    0.8881365 ]
 [-1.2849416  -0.4202291   1.6783379   0.75075006  0.21737641  1.4835823
   0.17040461  1.3824258 ]
 [-1.1824838   1.2874687   1.174933    2.254692   -1.4903069   1.3651854
   1.6303567   0.8165387 ]]

cov
[[0.1 0.1 0.1 0.1 0.1 0.1 0.1 0.1]
 [0.1 0.1 0.1 0.1 0.1 0.1 0.1 0.1]
 [0.1 0.1 0.1 0.1 0.1 0.1 0.1 0.1]
 [0.1 0.1 0.1 0.1 0.1 0.1 0.1 0.1]
 [0.1 0.1 0.1 0.1 0.1 0.1 0.1 0.1]
 [0.1 0.1 0.1 0.1 0.1 0.1 0.1 0.1]
 [0.1 0.1 0.1 0.1 0.1 0.1 0.1 0.1]
 [0.1 0.1 0.1 0.1 0.1 0.1 0.1 0.1]
 [0.1 0.1 0.1 0.1 0.1 0.1 0.1 0.1]
 [0.1 0.1 0.1 0.1 0.1 0.1 0.1 0.1]]

trans
[[0.1069915  0.07579992 0.096198   0.02733901 0.02253289 0.00282177
  0.03022054 0.04328521 0.00945007 0.0363053 ]
 [0.48076    0.4590632  0.34064555 0.12365194 0.07064077 0.06475014
  0.02807011 0.07396227 0.02966853 0.0303215 ]
 [0.01756283 0.03157655 0.06702896 0.01026388 0.07016234 0.00829332
  0.01550131 0.0090946  0.0018205  0.00753387]
 [0.09968041 0.10208512 0.0617953  0.12545851 0.13535759 0.02779677
  0.13545005 0.04780014 0.04412196 0.10583829]
 [0.00735878 0.01814122 0.08678888 0.0719549  0.2243351  0.02580072
  0.04971561 0.03229796 0.01280243 0.01595557]
 [0.03004654 0.19612856 0.2639095  0.10949028 0.19598919 0.71174926
  0.22173832 0.22949712 0.1003191  0.17975053]
 [0.06274828 0.049779   0.02003848 0.3057514  0.20338133 0.08751496
  0.43485647 0.04708764 0.03766659 0.12243469]
 [0.01992849 0.01127902 0.02360647 0.0362999  0.02727007 0.00733742
  0.0086831  0.06856434 0.02544601 0.03628467]
 [0.05945249 0.03937502 0.00621166 0.1067159  0.02698119 0.04645713
  0.0422395  0.19359054 0.68038195 0.22166172]
 [0.11547066 0.0167724  0.0337772  0.08307429 0.02334957 0.01747847
  0.03352497 0.25482017 0.05832286 0.24391386]]

lengths
[1.2339137 1.3435214 1.2037597 1.230298  1.2648213 1.4404838 1.272544
 1.0910571 1.3593905 1.2891784]

Epoch: 11, Loss: 600.5162
mean
[[-0.21986426  2.3442013  -1.3575928   2.6677485  -3.030641    0.0417346
   1.5116287  -1.9449016 ]
 [ 0.15562777  0.9129838  -0.7572073   0.736353   -1.3893533  -0.30278617
   0.6880844  -1.3226248 ]
 [ 1.5044329   1.2986388  -2.0040567  -0.10253892 -1.2435056  -1.6596706
   1.1713327  -2.0028973 ]
 [-0.5740048   0.04971109  0.31389168  0.5807403  -0.47523662  0.53041583
   0.05322373 -0.22224206]
 [-0.35545397 -0.8511149  -0.7204746  -0.33343184  0.2633018  -0.03040193
  -1.6527345  -1.7575337 ]
 [ 0.9342489   0.14247167 -0.55453837 -0.7677213   0.40773955 -0.86682594
   0.10225081  0.14289503]
 [-0.9507226  -1.6030678   0.51078385 -0.5406879   0.99002385  0.7290127
  -1.6329429  -0.23867047]
 [ 0.7899495   1.8447671  -0.5441587   0.9026555  -0.99791306 -0.6023118
   1.9405568   0.8903034 ]
 [-1.2831445  -0.4219781   1.6594992   0.760348    0.21730392  1.4711527
   0.1630555   1.3869087 ]
 [-1.1773461   1.2760222   1.1923168   2.2367094  -1.4864802   1.376091
   1.6138676   0.82132405]]

cov
[[0.1 0.1 0.1 0.1 0.1 0.1 0.1 0.1]
 [0.1 0.1 0.1 0.1 0.1 0.1 0.1 0.1]
 [0.1 0.1 0.1 0.1 0.1 0.1 0.1 0.1]
 [0.1 0.1 0.1 0.1 0.1 0.1 0.1 0.1]
 [0.1 0.1 0.1 0.1 0.1 0.1 0.1 0.1]
 [0.1 0.1 0.1 0.1 0.1 0.1 0.1 0.1]
 [0.1 0.1 0.1 0.1 0.1 0.1 0.1 0.1]
 [0.1 0.1 0.1 0.1 0.1 0.1 0.1 0.1]
 [0.1 0.1 0.1 0.1 0.1 0.1 0.1 0.1]
 [0.1 0.1 0.1 0.1 0.1 0.1 0.1 0.1]]

trans
[[0.1028522  0.06740465 0.07329072 0.02423113 0.01831864 0.00259149
  0.02819575 0.0483847  0.00947363 0.03441676]
 [0.47128615 0.47536597 0.35447213 0.11995386 0.07564226 0.06284367
  0.0328154  0.07211748 0.02889862 0.03680953]
 [0.01930171 0.02799821 0.0660928  0.00739751 0.06579602 0.00915868
  0.01403194 0.00826739 0.00176996 0.00684776]
 [0.08807903 0.09624948 0.04491444 0.12194759 0.11565912 0.0274653
  0.13915338 0.06127175 0.04496791 0.10848132]
 [0.0073702  0.02396248 0.08348301 0.07141051 0.25334343 0.02648967
  0.04909122 0.03164522 0.02197038 0.0159731 ]
 [0.02841233 0.18899706 0.2913794  0.11774241 0.17339727 0.71087956
  0.22047189 0.23522016 0.10046695 0.18204704]
 [0.06931645 0.04915418 0.02116252 0.3073676  0.23060216 0.09190599
  0.4324577  0.03709649 0.0355743  0.1156235 ]
 [0.02127989 0.01299024 0.02540801 0.03883822 0.0214635  0.00722325
  0.00827968 0.07417312 0.02414365 0.03739072]
 [0.06010383 0.04190504 0.00731175 0.10871699 0.02495513 0.04471985
  0.04039431 0.17766258 0.6725235  0.22227485]
 [0.13199824 0.01597274 0.03248525 0.08239421 0.02082249 0.0167225
  0.03510875 0.25416112 0.06021113 0.24013542]]

lengths
[1.2329916 1.3485056 1.197949  1.219567  1.2489003 1.4443642 1.27277
 1.0871432 1.3543881 1.2890074]

Epoch: 12, Loss: 598.8465
mean
[[-0.21327215  2.4220257  -1.3903028   2.7493389  -3.1511848   0.03705204
   1.566583   -1.957382  ]
 [ 0.1349747   0.8929712  -0.7435536   0.751346   -1.3978397  -0.28201175
   0.6659893  -1.3217683 ]
 [ 1.5420359   1.2041513  -1.9903058  -0.19972183 -1.110076   -1.6896122
   1.0825233  -1.9347494 ]
 [-0.58696187  0.04307095  0.31397948  0.57662785 -0.46957418  0.5372783
   0.01579689 -0.24658372]
 [-0.28489265 -0.87813175 -0.7257328  -0.37029174  0.30868307 -0.09318214
  -1.6794643  -1.6727308 ]
 [ 0.9287186   0.1427078  -0.5510453  -0.76779205  0.4099216  -0.86476
   0.0942947   0.1497076 ]
 [-0.96392626 -1.5990766   0.52878404 -0.5322472   0.991788    0.7416182
  -1.647838   -0.2253941 ]
 [ 0.8093741   1.894723   -0.56483984  0.9241049  -1.0307462  -0.6220548
   2.000236    0.87639654]
 [-1.2789912  -0.42324692  1.6639088   0.7520769   0.22126837  1.4729164
   0.16715746  1.384718  ]
 [-1.1736144   1.2751249   1.199433    2.227991   -1.481434    1.378736
   1.6107349   0.8168921 ]]

cov
[[0.1 0.1 0.1 0.1 0.1 0.1 0.1 0.1]
 [0.1 0.1 0.1 0.1 0.1 0.1 0.1 0.1]
 [0.1 0.1 0.1 0.1 0.1 0.1 0.1 0.1]
 [0.1 0.1 0.1 0.1 0.1 0.1 0.1 0.1]
 [0.1 0.1 0.1 0.1 0.1 0.1 0.1 0.1]
 [0.1 0.1 0.1 0.1 0.1 0.1 0.1 0.1]
 [0.1 0.1 0.1 0.1 0.1 0.1 0.1 0.1]
 [0.1 0.1 0.1 0.1 0.1 0.1 0.1 0.1]
 [0.1 0.1 0.1 0.1 0.1 0.1 0.1 0.1]
 [0.1 0.1 0.1 0.1 0.1 0.1 0.1 0.1]]

trans
[[0.09996098 0.05975088 0.06191851 0.02238896 0.01638384 0.00236627
  0.02757658 0.05046116 0.00951841 0.03379972]
 [0.45888412 0.48882535 0.34737048 0.12186705 0.07821474 0.06203314
  0.03181874 0.07462081 0.02931527 0.04265668]
 [0.02092241 0.02505509 0.07594518 0.00579916 0.06021878 0.01030592
  0.01348026 0.00749667 0.00171199 0.00620144]
 [0.07999517 0.09355088 0.04058109 0.12446234 0.09943011 0.02770322
  0.1375164  0.0715223  0.04285011 0.10423116]
 [0.00749517 0.0255657  0.07943124 0.06702141 0.26523313 0.02589344
  0.05207489 0.03129017 0.02729123 0.01591968]
 [0.02707564 0.18807709 0.29665178 0.12424525 0.17078853 0.710281
  0.22009856 0.2389477  0.09864929 0.18236217]
 [0.07398541 0.0460661  0.02654998 0.31769228 0.2488747  0.09034716
  0.43287036 0.02944671 0.0346408  0.11355327]
 [0.02188683 0.01416628 0.02896518 0.03617905 0.01860354 0.00699375
  0.00786369 0.07568823 0.02328654 0.0365348 ]
 [0.06203029 0.04335926 0.00900005 0.09904037 0.02308286 0.04728121
  0.03988547 0.16352771 0.67198783 0.22635631]
 [0.147764   0.01558339 0.0335865  0.08130417 0.01916974 0.01679489
  0.03681507 0.2569985  0.06074854 0.2383848 ]]

lengths
[1.2217131 1.3425472 1.1772537 1.2412297 1.2215711 1.4450448 1.2744381
 1.0843443 1.361395  1.289062 ]

Epoch: 13, Loss: 598.0449
mean
[[-0.22046143  2.4740589  -1.4153082   2.8139923  -3.242814    0.04238431
   1.5935321  -1.9663799 ]
 [ 0.1438858   0.91204786 -0.7538399   0.7558225  -1.4039747  -0.2916633
   0.68253756 -1.328486  ]
 [ 1.54671     1.1588293  -1.9836688  -0.21323347 -1.0573678  -1.6906223
   1.0188409  -1.8986826 ]
 [-0.59033835  0.03012691  0.31499207  0.57509124 -0.4679449   0.54015577
   0.00916535 -0.23466928]
 [-0.21914722 -0.87994665 -0.71497786 -0.3984167   0.3792447  -0.13432966
  -1.6687427  -1.6412776 ]
 [ 0.92954236  0.14182785 -0.54506755 -0.7672941   0.4081043  -0.86398363
   0.08677752  0.15250114]
 [-0.96194834 -1.5988666   0.528201   -0.53010976  0.9917973   0.747697
  -1.6426773  -0.22260512]
 [ 0.80699986  1.9236002  -0.56116563  0.94668156 -1.0716128  -0.62198484
   2.0489187   0.8345105 ]
 [-1.2809885  -0.41923127  1.667177    0.75685763  0.21662875  1.4746852
   0.16675779  1.3843453 ]
 [-1.173019    1.2781192   1.1985778   2.226909   -1.4791901   1.3763554
   1.6139901   0.81206924]]

cov
[[0.1 0.1 0.1 0.1 0.1 0.1 0.1 0.1]
 [0.1 0.1 0.1 0.1 0.1 0.1 0.1 0.1]
 [0.1 0.1 0.1 0.1 0.1 0.1 0.1 0.1]
 [0.1 0.1 0.1 0.1 0.1 0.1 0.1 0.1]
 [0.1 0.1 0.1 0.1 0.1 0.1 0.1 0.1]
 [0.1 0.1 0.1 0.1 0.1 0.1 0.1 0.1]
 [0.1 0.1 0.1 0.1 0.1 0.1 0.1 0.1]
 [0.1 0.1 0.1 0.1 0.1 0.1 0.1 0.1]
 [0.1 0.1 0.1 0.1 0.1 0.1 0.1 0.1]
 [0.1 0.1 0.1 0.1 0.1 0.1 0.1 0.1]]

trans
[[0.09718373 0.05422792 0.05583908 0.02160234 0.01566068 0.00217461
  0.02766856 0.0493245  0.00954218 0.03381414]
 [0.4502574  0.4928676  0.3333178  0.12373289 0.0808937  0.0623184
  0.02920718 0.0834979  0.02991438 0.04660652]
 [0.0223939  0.02406849 0.09396315 0.00489384 0.05805853 0.01147046
  0.01355233 0.00682392 0.00165343 0.00562641]
 [0.07375227 0.09604995 0.04270176 0.128696   0.09555148 0.02761103
  0.13681671 0.07734895 0.04099288 0.09972831]
 [0.00764469 0.02446965 0.07662858 0.06350216 0.26862273 0.02504939
  0.05455253 0.03117636 0.0259552  0.01591112]
 [0.0256322  0.19001067 0.28167635 0.12923831 0.1791272  0.709325
  0.21812245 0.24282712 0.0981596  0.18127373]
 [0.07650627 0.04468536 0.03573422 0.3226954  0.24405149 0.08795943
  0.43438026 0.0244658  0.03426697 0.11423389]
 [0.02209772 0.01500181 0.03342644 0.03089362 0.01753495 0.00673401
  0.00756299 0.07534891 0.02264984 0.03521325]
 [0.06443187 0.04292098 0.01102629 0.09396578 0.02205799 0.05017421
  0.03996556 0.1470166  0.67622    0.22962792]
 [0.16009998 0.01569757 0.03568634 0.08077968 0.01844127 0.01718341
  0.03817145 0.26216993 0.0606455  0.23796475]]

lengths
[1.2118503 1.3432213 1.1624746 1.2288151 1.2147735 1.4430213 1.2720975
 1.0869563 1.3568962 1.2896816]

Epoch: 14, Loss: 597.8509
mean
[[-0.23622724  2.509841   -1.4344512   2.868725   -3.3122256   0.05528932
   1.6006048  -1.9751309 ]
 [ 0.13683848  0.90699106 -0.7487718   0.7612073  -1.4112328  -0.2841629
   0.68057126 -1.3291589 ]
 [ 1.5356519   1.1522958  -1.9826028  -0.19994886 -1.0489752  -1.6785365
   0.98478717 -1.8923103 ]
 [-0.5831831   0.03671318  0.31288594  0.5749159  -0.47093102  0.5344011
   0.02216669 -0.23005314]
 [-0.19931068 -0.8664329  -0.71660995 -0.4025066   0.39514518 -0.13699347
  -1.6488506  -1.6523439 ]
 [ 0.93093675  0.14133966 -0.54300374 -0.76732594  0.4074459  -0.8649924
   0.08135671  0.15182889]
 [-0.9598123  -1.5999361   0.5206753  -0.5312206   0.98903286  0.7419586
  -1.6365627  -0.23051924]
 [ 0.7964406   1.931206   -0.550763    0.9564902  -1.1029067  -0.61532027
   2.0782988   0.79873455]
 [-1.280989   -0.42198056  1.6635219   0.755613    0.21896559  1.4730839
   0.16738781  1.3855728 ]
 [-1.1737281   1.2809099   1.1945055   2.2295032  -1.4806283   1.3728306
   1.6179477   0.81061405]]

cov
[[0.1 0.1 0.1 0.1 0.1 0.1 0.1 0.1]
 [0.1 0.1 0.1 0.1 0.1 0.1 0.1 0.1]
 [0.1 0.1 0.1 0.1 0.1 0.1 0.1 0.1]
 [0.1 0.1 0.1 0.1 0.1 0.1 0.1 0.1]
 [0.1 0.1 0.1 0.1 0.1 0.1 0.1 0.1]
 [0.1 0.1 0.1 0.1 0.1 0.1 0.1 0.1]
 [0.1 0.1 0.1 0.1 0.1 0.1 0.1 0.1]
 [0.1 0.1 0.1 0.1 0.1 0.1 0.1 0.1]
 [0.1 0.1 0.1 0.1 0.1 0.1 0.1 0.1]
 [0.1 0.1 0.1 0.1 0.1 0.1 0.1 0.1]]

trans
[[0.09451785 0.05051512 0.05105203 0.02147069 0.01555164 0.00201941
  0.02797228 0.04653187 0.00959499 0.03405262]
 [0.4455337  0.4956978  0.32265645 0.12414218 0.08372342 0.06210139
  0.02775403 0.09539698 0.03029156 0.04830192]
 [0.0237946  0.02456133 0.10368607 0.00436238 0.05891971 0.01192082
  0.01404009 0.00624058 0.00160777 0.00512379]
 [0.06856468 0.09848098 0.04778728 0.13256167 0.10018785 0.02710201
  0.13727283 0.08018064 0.04167148 0.09773016]
 [0.00780743 0.02322597 0.07464306 0.06182522 0.2691289  0.02431035
  0.05438584 0.03120692 0.02348817 0.01603477]
 [0.02419814 0.18928415 0.26628572 0.13160792 0.18537375 0.70996255
  0.2155553  0.24677506 0.09888755 0.180437  ]
 [0.07791813 0.04492374 0.04687985 0.3203746  0.22979954 0.08817633
  0.43664458 0.02127196 0.03439326 0.11553336]
 [0.02217736 0.01537909 0.03695561 0.02687603 0.01735061 0.0065059
  0.00737213 0.07473063 0.0223826  0.03411608]
