## SLURM PROLOG ###############################################################
##    Job ID : 924626
##  Job Name : hsmm_max_objs_nclasses=10
##  Nodelist : node1164
##      CPUs : 4
##  Mem/Node : 131072 MB
## Directory : /gpfs/data/epavlick/debert/hsmm
##   Started : Wed Mar 24 19:00:14 EDT 2021
###############################################################################
hsmm_max_objs_nclasses=10
loaded from config /users/debert/data/datasets/nbc/config/max_objs.json
Epoch: 0, Loss: 8520.2572
mean
[[ 0.3601681  -0.39507437  0.3391276   0.35632694  0.2562412  -0.3186791
  -0.22943237  0.24776533]
 [ 0.07764146 -0.32911465  0.0122049   0.06324074  0.15756026 -0.44843104
   0.20917702 -0.19060332]
 [-0.2357266   0.23975277 -0.17064606 -0.22151348 -0.43203482 -0.4857617
   0.2855013  -0.30291092]
 [-0.36849195  0.3819519  -0.35692525 -0.3647997  -0.4608444  -0.22330588
   0.37670624 -0.3802194 ]
 [-0.18138361  0.05856621 -0.17706798 -0.18375672 -0.27043343 -0.41453245
   0.24956307 -0.25256732]
 [-0.3772546   0.40264082 -0.37406957 -0.37268844 -0.35176274  0.05249315
   0.3780238  -0.37853634]
 [-0.19242084  0.10924284 -0.2194576  -0.20341611  0.19176254  0.03070915
   0.18238132 -0.17536937]
 [ 0.5036212  -0.4552245   0.49835894  0.5059111   0.4559377   0.2371193
  -0.50843155  0.5099846 ]
 [-0.05799057 -0.26948407 -0.0895434  -0.06504914 -0.20291275 -0.50668776
   0.31849587 -0.31198055]
 [ 0.04635664 -0.19913796 -0.00063987  0.03181667  0.16780458 -0.24195854
   0.07404986 -0.0594933 ]]

cov
[[0.1 0.1 0.1 0.1 0.1 0.1 0.1 0.1]
 [0.1 0.1 0.1 0.1 0.1 0.1 0.1 0.1]
 [0.1 0.1 0.1 0.1 0.1 0.1 0.1 0.1]
 [0.1 0.1 0.1 0.1 0.1 0.1 0.1 0.1]
 [0.1 0.1 0.1 0.1 0.1 0.1 0.1 0.1]
 [0.1 0.1 0.1 0.1 0.1 0.1 0.1 0.1]
 [0.1 0.1 0.1 0.1 0.1 0.1 0.1 0.1]
 [0.1 0.1 0.1 0.1 0.1 0.1 0.1 0.1]
 [0.1 0.1 0.1 0.1 0.1 0.1 0.1 0.1]
 [0.1 0.1 0.1 0.1 0.1 0.1 0.1 0.1]]

trans
[[0.11553476 0.07186806 0.06335837 0.06563525 0.06184235 0.06791401
  0.07080645 0.10322195 0.06059432 0.07557354]
 [0.07226059 0.09886386 0.06509481 0.0662075  0.06564563 0.0680956
  0.06774265 0.07489713 0.08500137 0.07175855]
 [0.0882052  0.08448852 0.15072045 0.1496314  0.15115896 0.10376459
  0.09885379 0.08555931 0.13382295 0.08064694]
 [0.09361895 0.12511566 0.1849043  0.18329865 0.18544672 0.17424765
  0.14685196 0.09221298 0.17175755 0.15889965]
 [0.08061199 0.07472957 0.08222862 0.07543539 0.08214044 0.07950463
  0.07576194 0.08582839 0.07190482 0.07415821]
 [0.17251723 0.16368008 0.17959411 0.18145819 0.18141101 0.1873604
  0.18575884 0.14843732 0.16417016 0.18220784]
 [0.07010444 0.06508999 0.06528655 0.06659659 0.06556592 0.07687338
  0.09808969 0.07558282 0.06152325 0.07320417]
 [0.13840728 0.12856707 0.07066347 0.0726883  0.07258756 0.09531432
  0.10976299 0.17100392 0.08022871 0.13354918]
 [0.09749636 0.12196048 0.07312168 0.07304641 0.06878835 0.07885877
  0.07878216 0.08397023 0.10904654 0.083575  ]
 [0.07124322 0.06563671 0.06502762 0.06600231 0.06541306 0.06806666
  0.06758959 0.07928596 0.06195033 0.06642691]]

lengths
[1.7856356 1.7943469 1.687146  1.8542733 1.6321707 2.0509856 1.7509862
 2.0600832 1.7100469 1.7704005]

Epoch: 1, Loss: 4360.7744
mean
[[ 1.0635206  -1.136856    1.0524528   1.0609937  -0.20323084 -1.0889971
  -0.6229843   0.66261554]
 [ 0.5796788  -1.1610559   0.36192515  0.54519147  0.6948359  -1.3059008
   1.0151576  -0.96259415]
 [-0.01803815  0.20562278  0.07962963  0.00970732 -0.7964958  -0.18430582
  -0.01722222 -0.03721474]
 [-1.1235363   1.0902889  -1.0808315  -1.1164956  -1.2605062  -0.6529894
   1.1486553  -1.1536773 ]
 [-0.09199376  0.2973536   0.03593433 -0.05783129 -0.78686607 -0.24586844
   0.11221732 -0.17060569]
 [-1.0737791   1.0578288  -1.0831314  -1.0711595  -0.21553646  0.67922723
   0.95207936 -0.94519806]
 [-0.78962153  0.69349444 -0.8897305  -0.8101967   0.91929054  0.8081537
   0.08584459 -0.08068105]
 [ 1.2362225  -1.0236748   1.218166    1.2368772   1.1005193   0.638953
  -1.2756441   1.2791606 ]
 [-0.04652562 -0.89806235 -0.07334684 -0.06452158 -0.7547045  -1.3240631
   1.0298015  -1.0103308 ]
 [ 0.09299352 -0.16995612  0.03003013  0.05996432  0.36622676  0.07828738
  -0.00827511  0.01296789]]

cov
[[0.1 0.1 0.1 0.1 0.1 0.1 0.1 0.1]
 [0.1 0.1 0.1 0.1 0.1 0.1 0.1 0.1]
 [0.1 0.1 0.1 0.1 0.1 0.1 0.1 0.1]
 [0.1 0.1 0.1 0.1 0.1 0.1 0.1 0.1]
 [0.1 0.1 0.1 0.1 0.1 0.1 0.1 0.1]
 [0.1 0.1 0.1 0.1 0.1 0.1 0.1 0.1]
 [0.1 0.1 0.1 0.1 0.1 0.1 0.1 0.1]
 [0.1 0.1 0.1 0.1 0.1 0.1 0.1 0.1]
 [0.1 0.1 0.1 0.1 0.1 0.1 0.1 0.1]
 [0.1 0.1 0.1 0.1 0.1 0.1 0.1 0.1]]

trans
[[0.19282888 0.05172043 0.02919442 0.03210048 0.0278049  0.03482387
  0.04328223 0.08858966 0.03611723 0.04407244]
 [0.04275158 0.28387675 0.0297764  0.03401914 0.02959872 0.03506734
  0.04172075 0.04280537 0.16739707 0.03734633]
 [0.11528734 0.05155829 0.36482066 0.18625519 0.37076557 0.05441474
  0.06336216 0.06002349 0.14017338 0.10610881]
 [0.07287763 0.08256202 0.13384803 0.23934463 0.13023184 0.15592808
  0.10127349 0.05501394 0.19368924 0.12047245]
 [0.03832544 0.04426143 0.1872888  0.0485207  0.18705913 0.0415985
  0.04856139 0.05068266 0.03344075 0.0569813 ]
 [0.0952879  0.1170985  0.11641035 0.26362997 0.12077888 0.39720553
  0.19280641 0.10252149 0.11949409 0.17163883]
 [0.03249476 0.03836733 0.03075113 0.05321602 0.03065943 0.13432558
  0.30817413 0.04984915 0.02889428 0.07748619]
 [0.27722973 0.11148085 0.04349191 0.07472335 0.04143059 0.07271877
  0.10845742 0.4537697  0.05391745 0.2798058 ]
 [0.09824665 0.18073112 0.03439138 0.03537689 0.03216292 0.03865186
  0.04883848 0.04712399 0.19841297 0.04661015]
 [0.03467008 0.03834328 0.03002696 0.03281361 0.02950797 0.03526571
  0.04352357 0.04962054 0.02846356 0.05947769]]

lengths
[1.3850033 1.3957285 1.7004724 1.2743987 1.4309695 1.6538758 1.4989134
 1.5336212 1.3257921 1.7503395]

Epoch: 2, Loss: 2371.8053
mean
[[ 1.8644267  -1.6954935   1.8754786   1.8667712  -0.5483232  -1.4178095
  -1.3501649   1.3842721 ]
 [ 0.6564807  -1.9398085   0.3675821   0.5974036   0.48712242 -1.9889964
   1.3550432  -1.1411505 ]
 [-0.24761997  0.42547226 -0.13472937 -0.2081012  -0.53056914 -0.26579157
   0.11391755 -0.14328188]
 [-1.8100826   1.6681504  -1.7534648  -1.8071123  -1.8505303  -0.8884387
   1.8401278  -1.8357968 ]
 [-0.14933169  0.22702496 -0.08253717 -0.13504608 -0.5226778  -0.36837664
   0.20952402 -0.24635   ]
 [-1.5020106   1.3047909  -1.540949   -1.51528     0.08933918  0.8700798
   1.2900318  -1.2708367 ]
 [-0.6414946   0.58177125 -0.8385684  -0.65005344  1.109921    1.3955125
   0.2017512  -0.19731553]
 [ 1.7093716  -1.1667818   1.662394    1.7137734   1.4081116   0.7556632
  -1.8248254   1.83863   ]
 [-0.15964106 -1.2074838  -0.14166078 -0.18014367 -1.0332332  -1.8999578
   1.494594   -1.4531269 ]
 [ 0.5014242   0.00482984  0.44510242  0.46626487  0.8550229   0.9023292
  -0.7473926   0.7407774 ]]

cov
[[0.1 0.1 0.1 0.1 0.1 0.1 0.1 0.1]
 [0.1 0.1 0.1 0.1 0.1 0.1 0.1 0.1]
 [0.1 0.1 0.1 0.1 0.1 0.1 0.1 0.1]
 [0.1 0.1 0.1 0.1 0.1 0.1 0.1 0.1]
 [0.1 0.1 0.1 0.1 0.1 0.1 0.1 0.1]
 [0.1 0.1 0.1 0.1 0.1 0.1 0.1 0.1]
 [0.1 0.1 0.1 0.1 0.1 0.1 0.1 0.1]
 [0.1 0.1 0.1 0.1 0.1 0.1 0.1 0.1]
 [0.1 0.1 0.1 0.1 0.1 0.1 0.1 0.1]
 [0.1 0.1 0.1 0.1 0.1 0.1 0.1 0.1]]

trans
[[0.37742764 0.03296675 0.01214973 0.02072243 0.0100696  0.01940071
  0.0176559  0.1289187  0.02677895 0.0381183 ]
 [0.02405929 0.6376858  0.01105759 0.02387094 0.00976825 0.0195066
  0.01684211 0.02121074 0.29941052 0.02167622]
 [0.12095945 0.02325634 0.47314847 0.14191002 0.4934911  0.02951978
  0.02910354 0.03532295 0.07116319 0.12105916]
 [0.03989818 0.03653845 0.04925951 0.21680246 0.04017321 0.09777761
  0.042316   0.02620705 0.16397397 0.07656085]
 [0.03020165 0.02848399 0.35034114 0.03689773 0.35827538 0.0252034
  0.02416569 0.02851466 0.02023404 0.08354701]
 [0.03811644 0.05321448 0.04355185 0.34632704 0.03796458 0.49396792
  0.08419602 0.04700065 0.06388369 0.10132965]
 [0.01283894 0.01765334 0.01448963 0.08157706 0.01331415 0.23679009
  0.6876123  0.02598693 0.01711164 0.10169511]
 [0.28263333 0.05406309 0.01976585 0.08377156 0.01485253 0.03567399
  0.04605643 0.6236274  0.03756688 0.26461443]
 [0.0488861  0.0980745  0.01196005 0.02368757 0.00957309 0.01992236
  0.01965435 0.02302605 0.2826884  0.02791111]
 [0.02497899 0.01806327 0.01427619 0.02443322 0.0125181  0.02223755
  0.03239772 0.04018484 0.01718868 0.16348816]]

lengths
[1.3300092 1.2675835 1.1813961 1.0941229 1.8839077 1.2838583 1.3890662
 1.2437117 1.1240026 1.5743854]

Epoch: 3, Loss: 1960.9315
mean
[[ 2.3230388  -1.6807134   2.3822563   2.3009999  -0.24632707 -1.1053952
  -1.7035307   1.7188995 ]
 [ 0.46784157 -2.3835003   0.28862828  0.43277147  0.36251232 -2.1667545
   1.1090354  -0.8397702 ]
 [-0.62351334  0.96848893 -0.5103284  -0.5590314  -0.5371414   0.30356422
   0.1469752  -0.16431433]
 [-2.3016465   2.011292   -2.2269497  -2.3074756  -2.1691408  -0.85628396
   2.3286326  -2.3171055 ]
 [-0.14044462  0.24867706 -0.02233753 -0.11518002 -0.6555094  -0.34779188
   0.08632798 -0.1396067 ]
 [-1.6821142   1.212104   -1.7603254  -1.7211876   0.27591503  0.7102168
   1.4728568  -1.4441448 ]
 [-0.54083014  0.3601445  -0.66307104 -0.57659745  1.0059396   1.416075
   0.17024472 -0.16302432]
 [ 1.8832401  -1.0785595   1.7996283   1.8941023   1.4875935   0.81150305
  -2.0872622   2.1165977 ]
 [-0.35307452 -1.1854767  -0.30484092 -0.37979618 -1.1230279  -2.1987815
   1.7193387  -1.6616769 ]
 [ 0.5880619  -0.30502295  0.5379159   0.5600748   0.601796    0.7968899
  -1.0158098   0.9939925 ]]

cov
[[0.1 0.1 0.1 0.1 0.1 0.1 0.1 0.1]
 [0.1 0.1 0.1 0.1 0.1 0.1 0.1 0.1]
 [0.1 0.1 0.1 0.1 0.1 0.1 0.1 0.1]
 [0.1 0.1 0.1 0.1 0.1 0.1 0.1 0.1]
 [0.1 0.1 0.1 0.1 0.1 0.1 0.1 0.1]
 [0.1 0.1 0.1 0.1 0.1 0.1 0.1 0.1]
 [0.1 0.1 0.1 0.1 0.1 0.1 0.1 0.1]
 [0.1 0.1 0.1 0.1 0.1 0.1 0.1 0.1]
 [0.1 0.1 0.1 0.1 0.1 0.1 0.1 0.1]
 [0.1 0.1 0.1 0.1 0.1 0.1 0.1 0.1]]

trans
[[0.60404927 0.02256044 0.00730036 0.01539994 0.00750426 0.01356085
  0.00754824 0.1950857  0.02125623 0.03796991]
 [0.02123302 0.79885375 0.00591084 0.01893897 0.00584052 0.01355039
  0.00702778 0.01361657 0.41237608 0.01238258]
 [0.07482534 0.01066961 0.47165436 0.11085145 0.22242701 0.02764162
  0.02028424 0.02416197 0.04109145 0.1249873 ]
 [0.01971473 0.01468204 0.02461341 0.17118353 0.0143333  0.0721943
  0.0179698  0.01568934 0.13630995 0.03638868]
 [0.05236257 0.03270086 0.42108202 0.02749721 0.69971716 0.0215049
  0.01422691 0.02303722 0.02585664 0.11883073]
 [0.017113   0.02208093 0.02354533 0.39755252 0.01420728 0.48782098
  0.04079294 0.02692515 0.04054086 0.04428969]
 [0.00635696 0.00789942 0.01419674 0.13471131 0.00945358 0.31103772
  0.8317724  0.01521244 0.01283321 0.0696537 ]
 [0.13645777 0.02427033 0.01110983 0.08288196 0.00815558 0.02115776
  0.01709441 0.6227357  0.02720813 0.1521898 ]
 [0.02344753 0.05758712 0.00566249 0.0183694  0.00381877 0.01296635
  0.00797282 0.01457483 0.2684293  0.01335816]
 [0.04443983 0.00869547 0.01492462 0.02261374 0.01454257 0.01856511
  0.03531048 0.0489611  0.01409817 0.38994944]]

lengths
[1.4616541 1.3367217 1.2680211 1.1374305 1.442301  1.245578  1.3533889
 1.2566248 1.1113075 1.5392994]

Epoch: 4, Loss: 1712.1548
mean
[[ 2.4871647  -1.7153757   2.5740817   2.449532   -0.0576479  -1.0430707
  -1.7935007   1.8272715 ]
 [ 0.5895201  -2.4070783   0.40794533  0.56335074  0.4716618  -1.9717427
   0.9065433  -0.7571252 ]
 [-1.0006627   1.6130955  -0.8944341  -0.9315357  -0.48498452  0.97878414
   0.01727237 -0.01167362]
 [-2.5968902   2.1749527  -2.4940345  -2.6099885  -2.3203504  -0.8136941
   2.6178532  -2.6044357 ]
 [-0.13885833  0.2605441  -0.00397969 -0.10564364 -0.65179104 -0.31681365
   0.11337847 -0.14915702]
 [-1.7097036   0.9662258  -1.8262485  -1.7728103   0.32970536  0.44893017
   1.5958599  -1.5605307 ]
 [-0.6156968   0.42148143 -0.7549795  -0.655146    1.0787225   1.1958069
   0.17467324 -0.16942388]
 [ 1.8701956  -0.92551595  1.7598022   1.8918827   1.5002973   0.96959126
  -2.1732464   2.2176032 ]
 [-0.507798   -1.0000417  -0.4553674  -0.5424481  -1.1907817  -2.2935364
   1.8067747  -1.7484193 ]
 [ 0.96119153 -0.6359516   0.9275306   0.9144007   0.52871096  0.09226444
  -0.77969223  0.7663188 ]]

cov
[[0.1 0.1 0.1 0.1 0.1 0.1 0.1 0.1]
 [0.1 0.1 0.1 0.1 0.1 0.1 0.1 0.1]
 [0.1 0.1 0.1 0.1 0.1 0.1 0.1 0.1]
 [0.1 0.1 0.1 0.1 0.1 0.1 0.1 0.1]
 [0.1 0.1 0.1 0.1 0.1 0.1 0.1 0.1]
 [0.1 0.1 0.1 0.1 0.1 0.1 0.1 0.1]
 [0.1 0.1 0.1 0.1 0.1 0.1 0.1 0.1]
 [0.1 0.1 0.1 0.1 0.1 0.1 0.1 0.1]
 [0.1 0.1 0.1 0.1 0.1 0.1 0.1 0.1]
 [0.1 0.1 0.1 0.1 0.1 0.1 0.1 0.1]]

trans
[[0.59216404 0.01828875 0.00619034 0.01265904 0.00552208 0.0117615
  0.00507423 0.19567487 0.01804296 0.04985911]
 [0.02461899 0.7885305  0.0047754  0.01617194 0.00466121 0.01202059
  0.0047043  0.01169576 0.44155046 0.00871745]
 [0.03440432 0.00605027 0.56340575 0.10582196 0.04500892 0.03655966
  0.02386996 0.01912121 0.02967353 0.04712529]
 [0.01180327 0.00854471 0.02074559 0.13538802 0.00479698 0.06570476
  0.0121889  0.01250899 0.12904346 0.01484469]
 [0.11394493 0.06652662 0.3184998  0.0241292  0.8986439  0.02679082
  0.01847169 0.02811289 0.05011514 0.19202346]
 [0.0102905  0.01334861 0.02193484 0.39773333 0.00525504 0.4907728
  0.0369325  0.02095143 0.0370905  0.01689991]
 [0.00423827 0.00544291 0.02591365 0.18788877 0.00931587 0.3088427
  0.83130544 0.01186959 0.01236133 0.03122232]
 [0.07629057 0.01633462 0.01031049 0.08165219 0.00507701 0.01775753
  0.01058218 0.60030025 0.02704525 0.08355864]
 [0.01665271 0.06873479 0.00433507 0.0158033  0.00149583 0.01077051
  0.00505735 0.01197761 0.23981069 0.00595241]
 [0.11559246 0.00819822 0.02388907 0.02275227 0.02022314 0.01901911
  0.05181345 0.08778736 0.0152667  0.54979676]]

lengths
[1.3429322 1.3131397 1.5945164 1.2259895 1.4858916 1.3740529 1.3450377
 1.3645759 1.1713276 1.4103392]

Epoch: 5, Loss: 1651.0794
mean
[[ 2.6009555  -1.910084    2.6807714   2.576151   -0.15381774 -1.2478327
  -1.934927    1.9973569 ]
 [ 0.5745296  -2.2200384   0.3200311   0.52222496  0.39904314 -1.8046284
   1.0086583  -0.89507574]
 [-0.873898    1.5308293  -0.76951957 -0.82004875 -0.45338872  1.0453234
   0.01560046 -0.01329313]
 [-2.7460248   2.2282214  -2.6105425  -2.762049   -2.3891892  -0.8492426
   2.7649894  -2.7529745 ]
 [-0.12854356  0.24336506 -0.00457876 -0.09294531 -0.6196212  -0.31442246
   0.15574977 -0.18418741]
 [-1.6692632   0.727585   -1.8118011  -1.7458377   0.2982328   0.25034806
   1.6835552  -1.6446532 ]
 [-0.5489399   0.39144278 -0.7400121  -0.57992846  1.1399353   1.0839787
   0.14823297 -0.14259276]
 [ 1.7571809  -0.7652067   1.6364456   1.7932643   1.5071244   1.1649988
  -2.1709008   2.2266688 ]
 [-0.5582245  -0.8046498  -0.50948024 -0.5907727  -1.25383    -2.269916
   1.8198742  -1.7698212 ]
 [ 0.82060105 -0.5674347   0.7832488   0.7764351   0.47165143  0.05566622
  -0.8866139   0.87791485]]

cov
[[0.1 0.1 0.1 0.1 0.1 0.1 0.1 0.1]
 [0.1 0.1 0.1 0.1 0.1 0.1 0.1 0.1]
 [0.1 0.1 0.1 0.1 0.1 0.1 0.1 0.1]
 [0.1 0.1 0.1 0.1 0.1 0.1 0.1 0.1]
 [0.1 0.1 0.1 0.1 0.1 0.1 0.1 0.1]
 [0.1 0.1 0.1 0.1 0.1 0.1 0.1 0.1]
 [0.1 0.1 0.1 0.1 0.1 0.1 0.1 0.1]
 [0.1 0.1 0.1 0.1 0.1 0.1 0.1 0.1]
 [0.1 0.1 0.1 0.1 0.1 0.1 0.1 0.1]
 [0.1 0.1 0.1 0.1 0.1 0.1 0.1 0.1]]

trans
[[0.46661478 0.01355011 0.00558283 0.0113083  0.0058352  0.01107967
  0.00440107 0.14267309 0.01563144 0.06867659]
 [0.02386579 0.7379138  0.00413232 0.01472508 0.00737235 0.01222687
  0.00413943 0.01139249 0.40153345 0.0118687 ]
 [0.01791427 0.00403905 0.64392173 0.11674909 0.02053036 0.0514113
  0.03288129 0.01608025 0.02411698 0.02409958]
 [0.00828361 0.00648163 0.01942084 0.11389832 0.00333245 0.06505391
  0.01101926 0.01146403 0.12759575 0.00921383]
 [0.14467733 0.10013694 0.20275462 0.02625373 0.88743156 0.04023999
  0.03397633 0.04053559 0.09574908 0.2094571 ]
 [0.00720918 0.01045471 0.02269585 0.37757775 0.00418466 0.5026025
  0.04589224 0.0189822  0.04337413 0.00995954]
 [0.00319017 0.00497801 0.05379149 0.21541946 0.01939473 0.26702005
  0.78867024 0.01119794 0.01310219 0.0249581 ]
 [0.05204603 0.01437101 0.01162515 0.08610476 0.00667438 0.01926123
  0.00986528 0.5773369  0.03454657 0.0811682 ]
 [0.01567584 0.09430266 0.0037541  0.01491936 0.00115985 0.01009895
  0.00417991 0.01119632 0.22562937 0.00419185]
 [0.260523   0.01377211 0.03232106 0.02304416 0.04408444 0.02100555
  0.06497495 0.15914114 0.01872105 0.55640656]]

lengths
[1.3010371 1.3121308 1.6224234 1.280273  1.418168  1.4652123 1.3672845
 1.4366237 1.2182242 1.4337982]

Epoch: 6, Loss: 1602.7644
mean
[[ 2.6464422  -2.0048563   2.70623     2.6299028  -0.22748144 -1.3724139
  -1.9726288   2.0372436 ]
 [ 0.50430024 -2.060934    0.3415983   0.47380576  0.39507762 -1.819094
   1.0871153  -0.8941828 ]
 [-0.7870742   1.2862202  -0.6819493  -0.7320234  -0.44707197  0.77541685
   0.06433092 -0.07054614]
 [-2.804081    2.23392    -2.640651   -2.8204277  -2.4169927  -0.903361
   2.8227584  -2.8135817 ]
 [-0.11719506  0.22117737 -0.00986384 -0.08328825 -0.6162696  -0.3132823
   0.14776075 -0.19012879]
 [-1.6154776   0.59549844 -1.7668438  -1.6942666   0.23800345  0.18452068
   1.713969   -1.6751755 ]
 [-0.5836159   0.38824585 -0.7165416  -0.61716634  1.1039398   1.132602
   0.19455802 -0.1881009 ]
 [ 1.623868   -0.6826491   1.5052711   1.6704708   1.5117422   1.1953932
  -2.1229398   2.1843116 ]
 [-0.5651959  -0.6508665  -0.49827775 -0.5880449  -1.3713737  -2.2129452
   1.8008475  -1.7624024 ]
 [ 0.9061008  -0.5888306   0.8721892   0.86548114  0.5182935   0.2949018
  -0.8694472   0.84775746]]

cov
[[0.1 0.1 0.1 0.1 0.1 0.1 0.1 0.1]
 [0.1 0.1 0.1 0.1 0.1 0.1 0.1 0.1]
 [0.1 0.1 0.1 0.1 0.1 0.1 0.1 0.1]
 [0.1 0.1 0.1 0.1 0.1 0.1 0.1 0.1]
 [0.1 0.1 0.1 0.1 0.1 0.1 0.1 0.1]
 [0.1 0.1 0.1 0.1 0.1 0.1 0.1 0.1]
 [0.1 0.1 0.1 0.1 0.1 0.1 0.1 0.1]
 [0.1 0.1 0.1 0.1 0.1 0.1 0.1 0.1]
 [0.1 0.1 0.1 0.1 0.1 0.1 0.1 0.1]
 [0.1 0.1 0.1 0.1 0.1 0.1 0.1 0.1]]

trans
[[0.44735876 0.01166823 0.00498838 0.01065501 0.00707402 0.01039825
  0.00413993 0.10880899 0.01390861 0.0656296 ]
 [0.02538209 0.7450153  0.00358549 0.01397632 0.01357115 0.01289727
  0.0039666  0.01137498 0.35369003 0.02199419]
 [0.01198933 0.00307851 0.6596821  0.13469958 0.01593702 0.06812416
  0.04166337 0.01394074 0.02028993 0.02714094]
 [0.00695099 0.00570818 0.0184298  0.1015277  0.00340237 0.0646687
  0.01089687 0.01074592 0.12746449 0.00878581]
 [0.12707327 0.08574318 0.1348393  0.03120647 0.8549085  0.05793981
  0.05102975 0.05808532 0.14036006 0.1789369 ]
 [0.00590954 0.00939319 0.02394856 0.3636226  0.00506809 0.49855146
  0.05803272 0.01818486 0.05473511 0.00911207]
 [0.00277224 0.00520295 0.09941675 0.20853895 0.02752277 0.23085992
  0.75654835 0.01165685 0.01362971 0.03114788]
 [0.04460213 0.01444591 0.0141021  0.09779789 0.01111275 0.02350101
  0.01082732 0.5474633  0.0437713  0.11513264]
 [0.01858777 0.09401334 0.00334704 0.01486041 0.00132269 0.00960644
  0.00375518 0.01085585 0.20678286 0.00460359]
 [0.3093739  0.02573116 0.03766047 0.02311509 0.0600806  0.023453
  0.05913993 0.2088832  0.02536794 0.5375164 ]]

lengths
[1.3915768 1.3398607 1.451351  1.288476  1.4718096 1.4443146 1.373631
 1.4288132 1.1993043 1.4415739]

Epoch: 7, Loss: 1589.5845
mean
[[ 2.6378508  -1.96343     2.687194    2.617359   -0.19382897 -1.3388766
  -1.9324467   1.9883457 ]
 [ 0.55422205 -2.033525    0.32932454  0.5164896   0.39861172 -1.8924791
   1.0310011  -0.8473562 ]
 [-0.8762385   1.3684986  -0.7690046  -0.816276   -0.46767613  0.71450746
   0.06546117 -0.06836121]
 [-2.8153865   2.2270622  -2.635978   -2.831939   -2.417875   -0.9194989
   2.8342102  -2.8277118 ]
 [-0.11972062  0.22090621 -0.01980569 -0.08621814 -0.6314264  -0.31041124
   0.13378417 -0.18423666]
 [-1.5806364   0.5717089  -1.729585   -1.655154    0.21810102  0.2118592
   1.7064217  -1.6690468 ]
 [-0.5900327   0.41377038 -0.75429535 -0.62632096  1.0866954   1.1978487
   0.16315758 -0.15845484]
 [ 1.5233344  -0.67761123  1.4144201   1.5754143   1.5065144   1.1336519
  -2.0666625   2.1285334 ]
 [-0.58509046 -0.5341592  -0.48884773 -0.6000507  -1.493666   -2.1520152
   1.7632427  -1.7342607 ]
 [ 0.8497162  -0.5930399   0.81245655  0.7994421   0.46957165  0.14559203
  -0.83974415  0.82893854]]

cov
[[0.1 0.1 0.1 0.1 0.1 0.1 0.1 0.1]
 [0.1 0.1 0.1 0.1 0.1 0.1 0.1 0.1]
 [0.1 0.1 0.1 0.1 0.1 0.1 0.1 0.1]
 [0.1 0.1 0.1 0.1 0.1 0.1 0.1 0.1]
 [0.1 0.1 0.1 0.1 0.1 0.1 0.1 0.1]
 [0.1 0.1 0.1 0.1 0.1 0.1 0.1 0.1]
 [0.1 0.1 0.1 0.1 0.1 0.1 0.1 0.1]
 [0.1 0.1 0.1 0.1 0.1 0.1 0.1 0.1]
 [0.1 0.1 0.1 0.1 0.1 0.1 0.1 0.1]
 [0.1 0.1 0.1 0.1 0.1 0.1 0.1 0.1]]

trans
[[0.50964355 0.01167229 0.00451823 0.01030965 0.00755628 0.00963855
  0.00395886 0.10283087 0.01286317 0.05782551]
 [0.03160043 0.7591412  0.00318944 0.01349859 0.01735688 0.01365977
  0.00384078 0.01190681 0.32764426 0.0302228 ]
 [0.01012396 0.0025348  0.65010947 0.15511876 0.01473947 0.07610866
  0.04675553 0.01296424 0.01772431 0.042537  ]
 [0.00677839 0.0054202  0.01820932 0.09411493 0.00365535 0.06375582
  0.01090281 0.01051365 0.13038339 0.00922073]
 [0.11457369 0.07230449 0.10250817 0.03548533 0.86985415 0.07085846
  0.04962121 0.07756364 0.15306795 0.1749606 ]
 [0.00561363 0.00894607 0.02607575 0.35564518 0.00669466 0.4853607
  0.06371214 0.01854871 0.06918635 0.0096479 ]
 [0.00277567 0.00562693 0.1326972  0.18729238 0.019971   0.21717973
  0.7559886  0.01321899 0.01388723 0.03576897]
 [0.04627671 0.01516106 0.01737671 0.11038462 0.01356977 0.02885777
  0.01235548 0.5457404  0.05211317 0.12057779]
 [0.02618955 0.07988023 0.00309235 0.01531926 0.00169731 0.00912688
  0.003431   0.0110122  0.18597089 0.00602928]
 [0.24642435 0.03931271 0.04222332 0.0228313  0.04490511 0.02545365
  0.04943363 0.19570047 0.03715928 0.5132094 ]]

lengths
[1.4060493 1.3201859 1.4332279 1.2736268 1.439784  1.4021251 1.366618
 1.4009662 1.1565204 1.4347833]

Epoch: 8, Loss: 1580.1757
mean
[[ 2.6103952  -1.9091588   2.6591072   2.5843806  -0.1201877  -1.2396742
  -1.9266887   1.9815016 ]
 [ 0.5276954  -2.086811    0.33651266  0.48793027  0.38465047 -1.9066412
   1.0226562  -0.8782674 ]
 [-0.8720127   1.4489793  -0.76664853 -0.81608343 -0.48751846  0.82660896
   0.07421807 -0.0756908 ]
 [-2.8062358   2.217731   -2.6230912  -2.823609   -2.4022255  -0.90366465
   2.8266358  -2.8219197 ]
 [-0.12119266  0.22574878 -0.02063167 -0.0866104  -0.6343586  -0.30668667
   0.1258941  -0.17413822]
 [-1.5679961   0.5982585  -1.7124407  -1.6376327   0.25173962  0.25786293
   1.6893198  -1.6523155 ]
 [-0.56445545  0.39361563 -0.72696346 -0.59705913  1.1027967   1.1941465
   0.1626418  -0.15632054]
 [ 1.4633212  -0.6902664   1.3655651   1.5162107   1.4861093   1.117098
  -2.014328    2.073266  ]
 [-0.6079822  -0.45281273 -0.49500862 -0.6209654  -1.5624344  -2.1009424
   1.7196928  -1.6957785 ]
 [ 0.8717309  -0.5824011   0.8420235   0.832406    0.4580353   0.10334641
  -0.8304132   0.8107742 ]]

cov
[[0.1 0.1 0.1 0.1 0.1 0.1 0.1 0.1]
 [0.1 0.1 0.1 0.1 0.1 0.1 0.1 0.1]
 [0.1 0.1 0.1 0.1 0.1 0.1 0.1 0.1]
 [0.1 0.1 0.1 0.1 0.1 0.1 0.1 0.1]
 [0.1 0.1 0.1 0.1 0.1 0.1 0.1 0.1]
 [0.1 0.1 0.1 0.1 0.1 0.1 0.1 0.1]
 [0.1 0.1 0.1 0.1 0.1 0.1 0.1 0.1]
 [0.1 0.1 0.1 0.1 0.1 0.1 0.1 0.1]
 [0.1 0.1 0.1 0.1 0.1 0.1 0.1 0.1]
 [0.1 0.1 0.1 0.1 0.1 0.1 0.1 0.1]]

trans
[[0.53192186 0.01234994 0.00427732 0.0100606  0.00767362 0.00894583
  0.0038246  0.1097013  0.01204631 0.06323428]
 [0.03523679 0.7559609  0.00296556 0.01292247 0.01586504 0.01453709
  0.00373405 0.01272752 0.31565988 0.02713398]
 [0.00922697 0.00219362 0.6524814  0.16990724 0.01524904 0.07095506
  0.04749461 0.01247824 0.01618545 0.05349432]
 [0.00678082 0.00534829 0.01892048 0.08919137 0.00407901 0.06306326
  0.01094542 0.01038913 0.13538174 0.00946739]
 [0.10526675 0.07407439 0.09091277 0.03866882 0.8766671  0.07376998
  0.04184208 0.08829424 0.14263198 0.1830706 ]
 [0.00548967 0.00876522 0.02929623 0.35013673 0.00908029 0.4809821
  0.06172477 0.01925735 0.08166517 0.0104289 ]
 [0.00284882 0.00613362 0.13114528 0.17169267 0.01749386 0.21861432
  0.76731116 0.01548058 0.01421424 0.03505285]
 [0.05150889 0.0161947  0.02110771 0.11987349 0.01329532 0.03355621
  0.01474923 0.559437   0.05777508 0.09776731]
 [0.03632219 0.07552891 0.00299903 0.01590843 0.00232478 0.00871096
  0.00317183 0.01136851 0.1740981  0.00819712]
 [0.21539725 0.04345048 0.04589426 0.02163818 0.03827193 0.0268652
  0.04520225 0.16086613 0.05034204 0.51215327]]

lengths
[1.3541352 1.3247697 1.5016596 1.2600265 1.4514804 1.4061421 1.3669134
 1.3948896 1.14364   1.4456114]

Epoch: 9, Loss: 1577.1921
mean
[[ 2.595817   -1.9073576   2.6439009   2.5704157  -0.0795456  -1.1807027
  -1.9578295   2.015627  ]
 [ 0.5318951  -2.1266596   0.3258604   0.49863824  0.3943073  -1.8837887
   1.0594009  -0.8888244 ]
 [-0.8433204   1.387269   -0.7366634  -0.78594553 -0.47121546  0.8412889
   0.06083225 -0.0642404 ]
 [-2.790254    2.2098517  -2.610902   -2.8084674  -2.3810885  -0.88142127
   2.8119116  -2.807947  ]
 [-0.12346351  0.23085617 -0.01887464 -0.08741844 -0.63158864 -0.30570626
   0.12672848 -0.17013997]
 [-1.5684261   0.6321864  -1.7100905  -1.6354996   0.28053835  0.2845448
   1.67241    -1.6352642 ]
 [-0.5777096   0.40097293 -0.7241766  -0.6120152   1.1049011   1.1643684
   0.16645622 -0.16131353]
 [ 1.4361973  -0.6826937   1.3456565   1.4878062   1.4767601   1.1580766
  -1.9775153   2.0326693 ]
 [-0.62271506 -0.39732572 -0.5073546  -0.63505244 -1.5803566  -2.062551
   1.6846806  -1.662821  ]
 [ 0.8658753  -0.6085486   0.8302192   0.81488544  0.4615125   0.15540895
  -0.83049047  0.8156957 ]]

cov
[[0.1 0.1 0.1 0.1 0.1 0.1 0.1 0.1]
 [0.1 0.1 0.1 0.1 0.1 0.1 0.1 0.1]
 [0.1 0.1 0.1 0.1 0.1 0.1 0.1 0.1]
 [0.1 0.1 0.1 0.1 0.1 0.1 0.1 0.1]
 [0.1 0.1 0.1 0.1 0.1 0.1 0.1 0.1]
 [0.1 0.1 0.1 0.1 0.1 0.1 0.1 0.1]
 [0.1 0.1 0.1 0.1 0.1 0.1 0.1 0.1]
 [0.1 0.1 0.1 0.1 0.1 0.1 0.1 0.1]
 [0.1 0.1 0.1 0.1 0.1 0.1 0.1 0.1]
 [0.1 0.1 0.1 0.1 0.1 0.1 0.1 0.1]]

trans
[[0.5097205  0.01323824 0.00417234 0.00985028 0.00793088 0.00835854
  0.00375748 0.11668731 0.01131488 0.06873012]
 [0.03465293 0.7525685  0.00282217 0.01231277 0.01396196 0.01538214
  0.00368495 0.01352122 0.30952585 0.02242598]
 [0.00867399 0.00195385 0.65925574 0.17529537 0.01685137 0.06405979
  0.04509434 0.01219544 0.0154731  0.0492896 ]
 [0.00679296 0.00534447 0.02006163 0.08610905 0.00468339 0.06240613
  0.01111723 0.01021625 0.13910912 0.00964681]
 [0.10060269 0.07746807 0.08875997 0.04123939 0.8670895  0.0700471
  0.039445   0.0867224  0.13884899 0.18596502]
 [0.00539615 0.00869154 0.0331613  0.34800902 0.01194166 0.48428774
  0.0587267  0.01978211 0.08863498 0.01118872]
 [0.00292618 0.00662184 0.11713362 0.16516231 0.01993917 0.22425053
  0.7714119  0.0180459  0.01469315 0.03330591]
 [0.05776961 0.01718232 0.0243369  0.1255307  0.01256481 0.03519772
  0.01805166 0.56913745 0.05776308 0.09041202]
 [0.04298941 0.07781266 0.00298892 0.01655853 0.00327247 0.00833631
  0.00299347 0.0116854  0.1665659  0.01058658]
 [0.23047557 0.03911856 0.04730736 0.01993261 0.04176479 0.02767401
  0.04571727 0.14200655 0.05807096 0.51844925]]

lengths
[1.3620634 1.3343927 1.5019596 1.2587521 1.4457961 1.4255785 1.3666857
 1.4033611 1.1593645 1.4300797]

Epoch: 10, Loss: 1576.6793
mean
[[ 2.5954251  -1.9128125   2.6412916   2.573623   -0.07751454 -1.1745248
  -1.9682115   2.025379  ]
 [ 0.5398398  -2.1237323   0.34154868  0.4994772   0.38277945 -1.8802667
   1.0459622  -0.87047935]
 [-0.84694535  1.3747268  -0.740239   -0.78818333 -0.4580646   0.7957331
   0.0421765  -0.04452559]
 [-2.7756302   2.2051475  -2.602718   -2.7943804  -2.362438   -0.8692873
   2.7971385  -2.7931187 ]
 [-0.12718321  0.23596269 -0.01780564 -0.08994347 -0.62838316 -0.30525357
   0.12936263 -0.16940399]
 [-1.5737362   0.6550739  -1.7143608  -1.6405821   0.27365717  0.28980434
   1.6611738  -1.6241527 ]
 [-0.5771134   0.396098   -0.74263984 -0.6115793   1.1000272   1.1626625
   0.16951391 -0.16373856]
 [ 1.4301217  -0.6638028   1.3413271   1.4802209   1.4855186   1.1784719
  -1.9610666   2.0133636 ]
 [-0.6310692  -0.36426592 -0.5180811  -0.6405736  -1.5679651  -2.0336778
   1.6671722  -1.6461297 ]
 [ 0.8580334  -0.57747793  0.82647437  0.81666225  0.45936817  0.133121
  -0.8249544   0.8072635 ]]

cov
[[0.1 0.1 0.1 0.1 0.1 0.1 0.1 0.1]
 [0.1 0.1 0.1 0.1 0.1 0.1 0.1 0.1]
 [0.1 0.1 0.1 0.1 0.1 0.1 0.1 0.1]
 [0.1 0.1 0.1 0.1 0.1 0.1 0.1 0.1]
 [0.1 0.1 0.1 0.1 0.1 0.1 0.1 0.1]
 [0.1 0.1 0.1 0.1 0.1 0.1 0.1 0.1]
 [0.1 0.1 0.1 0.1 0.1 0.1 0.1 0.1]
 [0.1 0.1 0.1 0.1 0.1 0.1 0.1 0.1]
 [0.1 0.1 0.1 0.1 0.1 0.1 0.1 0.1]
 [0.1 0.1 0.1 0.1 0.1 0.1 0.1 0.1]]

trans
[[0.4911683  0.01420725 0.00411207 0.00967833 0.00787069 0.00784832
  0.00373274 0.11890522 0.01073214 0.0679897 ]
 [0.03215838 0.75436145 0.00269943 0.01179605 0.01300341 0.01613131
  0.0036704  0.01425468 0.3062885  0.02146574]
 [0.00821656 0.00177114 0.66069716 0.17439798 0.01810509 0.06157225
  0.0423413  0.01224772 0.01557818 0.04479083]
 [0.00672899 0.00533227 0.02130427 0.08443566 0.00510214 0.06178985
  0.01136085 0.01007873 0.13979387 0.00992874]
 [0.09876674 0.07647122 0.08994397 0.04295148 0.86202437 0.0653614
  0.04090366 0.08089607 0.1447583  0.18110012]
 [0.0052605  0.00866026 0.03727918 0.34852794 0.01362909 0.48784718
  0.05788374 0.02012516 0.09132632 0.01189369]
 [0.00296826 0.00697636 0.10686164 0.16423547 0.02041914 0.22885564
  0.7690745  0.02071664 0.01580113 0.03179531]
 [0.06293187 0.01771711 0.02634259 0.1284707  0.01186402 0.03450778
  0.02123707 0.57089216 0.0550525  0.09600721]
 [0.04323677 0.07976279 0.00301361 0.0172923  0.00426087 0.00800787
  0.00286735 0.01197083 0.16217767 0.01228683]
 [0.24856362 0.03474014 0.04774604 0.01821406 0.04372118 0.02807836
  0.04692837 0.13991275 0.05849139 0.52274185]]

lengths
[1.3927691 1.3289293 1.4736938 1.2666824 1.4513409 1.425145  1.3661263
 1.4054304 1.1719905 1.4394749]

Epoch: 11, Loss: 1576.4197
mean
[[ 2.602258   -1.9106454   2.6468968   2.5810816  -0.08492935 -1.1873355
  -1.9610062   2.0170994 ]
 [ 0.5350567  -2.105533    0.33188498  0.49937192  0.37856734 -1.8940731
   1.0358195  -0.8775719 ]
 [-0.84561294  1.4010329  -0.73892385 -0.7877675  -0.46810344  0.80384415
   0.05023719 -0.05209736]
 [-2.7663696   2.2037165  -2.5990868  -2.7853785  -2.3511846  -0.8692461
   2.7867455  -2.7822416 ]
 [-0.13086927  0.2404148  -0.01671818 -0.09314544 -0.62733024 -0.30531833
   0.12990323 -0.16831811]
 [-1.5781881   0.6622847  -1.7187649  -1.6459229   0.25836986  0.28568977
   1.6581956  -1.6214653 ]
 [-0.57385004  0.39901704 -0.72742635 -0.60786605  1.1015029   1.1745441
   0.16652188 -0.16100085]
 [ 1.4332824  -0.65506244  1.3426054   1.4822412   1.4951051   1.1651219
  -1.9590858   2.0100532 ]
 [-0.64585507 -0.34839967 -0.5338724  -0.65013117 -1.5408664  -2.007614
   1.6662425  -1.6450386 ]
 [ 0.8704923  -0.6071218   0.83692175  0.82146513  0.45290557  0.12452178
  -0.82827353  0.8118438 ]]

cov
[[0.1 0.1 0.1 0.1 0.1 0.1 0.1 0.1]
 [0.1 0.1 0.1 0.1 0.1 0.1 0.1 0.1]
 [0.1 0.1 0.1 0.1 0.1 0.1 0.1 0.1]
 [0.1 0.1 0.1 0.1 0.1 0.1 0.1 0.1]
 [0.1 0.1 0.1 0.1 0.1 0.1 0.1 0.1]
 [0.1 0.1 0.1 0.1 0.1 0.1 0.1 0.1]
 [0.1 0.1 0.1 0.1 0.1 0.1 0.1 0.1]
 [0.1 0.1 0.1 0.1 0.1 0.1 0.1 0.1]
 [0.1 0.1 0.1 0.1 0.1 0.1 0.1 0.1]
 [0.1 0.1 0.1 0.1 0.1 0.1 0.1 0.1]]

trans
[[0.49270582 0.01486281 0.00405424 0.00953208 0.00757582 0.00741331
  0.00371531 0.11706296 0.01031646 0.06715504]
 [0.03119027 0.755957   0.00257516 0.0113517  0.01290366 0.01680798
  0.00366133 0.01493307 0.30494052 0.02293869]
 [0.00785257 0.00163307 0.65625495 0.1713325  0.01863187 0.06284066
  0.04093577 0.01255938 0.01617673 0.04415001]
 [0.00664224 0.00533599 0.02247068 0.083629   0.00523597 0.06136312
  0.01157566 0.00999562 0.13859577 0.010194  ]
 [0.09873275 0.07531309 0.09178065 0.04380046 0.8648426  0.06265691
  0.0425548  0.07663892 0.15131351 0.18094392]
 [0.00511619 0.00867209 0.04123892 0.35005167 0.01359754 0.48906603
  0.05852326 0.0203298  0.09183762 0.01238074]
 [0.002993   0.00720733 0.10418815 0.16592358 0.01895658 0.23055227
  0.76626253 0.02336415 0.01774591 0.03098225]
 [0.06622594 0.01790698 0.02688035 0.12967327 0.0115614  0.03332495
  0.02348655 0.56706893 0.05306039 0.10118011]
 [0.0407146  0.07990111 0.00304724 0.0180644  0.00488271 0.00773905
  0.0027667  0.01223923 0.16020742 0.01256668]
 [0.24782664 0.0332105  0.0475097  0.01664133 0.04181185 0.02823568
  0.04651811 0.14580794 0.05580563 0.51750857]]

lengths
[1.3871696 1.3298972 1.4821484 1.274342  1.4480928 1.4141748 1.3672286
 1.4006531 1.1692319 1.4336339]

Epoch: 12, Loss: 1576.3943
mean
[[ 2.6077702  -1.9146968   2.6533346   2.5849574  -0.08992216 -1.1985763
  -1.9590896   2.0162575 ]
 [ 0.53756475 -2.0991902   0.34123695  0.4968682   0.37165973 -1.8992193
   1.049832   -0.8826053 ]
 [-0.8476367   1.3937842  -0.74043834 -0.7893733  -0.47108585  0.82080126
   0.05131787 -0.05395129]
 [-2.7632177   2.2046897  -2.5993118  -2.782371   -2.3476713  -0.87336534
   2.782337   -2.7772536 ]
 [-0.1340066   0.24423543 -0.01596347 -0.09713823 -0.62988853 -0.30761108
   0.12964053 -0.16752365]
 [-1.579816    0.65918714 -1.7207159  -1.6483964   0.25843123  0.283034
   1.660415   -1.6238334 ]
 [-0.5747618   0.39700776 -0.7324641  -0.6094604   1.102014    1.1748272
   0.16485101 -0.15950733]
 [ 1.438569   -0.65955     1.3454422   1.4870974   1.4948859   1.1584183
  -1.9640181   2.014975  ]
 [-0.67336553 -0.3365415  -0.5618931  -0.67260146 -1.5129423  -1.9796154
   1.6761883  -1.6539627 ]
 [ 0.8647267  -0.5901662   0.83255523  0.8211641   0.45830992  0.13137975
  -0.82844746  0.8115282 ]]

cov
[[0.1 0.1 0.1 0.1 0.1 0.1 0.1 0.1]
 [0.1 0.1 0.1 0.1 0.1 0.1 0.1 0.1]
 [0.1 0.1 0.1 0.1 0.1 0.1 0.1 0.1]
 [0.1 0.1 0.1 0.1 0.1 0.1 0.1 0.1]
 [0.1 0.1 0.1 0.1 0.1 0.1 0.1 0.1]
 [0.1 0.1 0.1 0.1 0.1 0.1 0.1 0.1]
 [0.1 0.1 0.1 0.1 0.1 0.1 0.1 0.1]
 [0.1 0.1 0.1 0.1 0.1 0.1 0.1 0.1]
 [0.1 0.1 0.1 0.1 0.1 0.1 0.1 0.1]
 [0.1 0.1 0.1 0.1 0.1 0.1 0.1 0.1]]

trans
[[0.499721   0.01495106 0.00397809 0.00940659 0.00743837 0.00704292
  0.0036909  0.11467092 0.01006746 0.06693029]
 [0.03166882 0.7557568  0.00244281 0.01097754 0.01334442 0.01737478
  0.00364893 0.01549925 0.304998   0.02431221]
 [0.00756473 0.00152856 0.64955497 0.16842343 0.01898094 0.06507704
  0.04093218 0.013043   0.01700853 0.04416447]
 [0.00655902 0.00536554 0.02343269 0.08335236 0.00527481 0.06120233
  0.01171535 0.00994225 0.13740443 0.01029142]
 [0.10023516 0.07536677 0.09323096 0.04413446 0.8651797  0.06210708
  0.04279913 0.0753415  0.15190516 0.18460673]
 [0.00497739 0.0087299  0.0445356  0.35146686 0.01292209 0.48905793
  0.05923658 0.02043633 0.09210607 0.01254108]
 [0.00300962 0.00736606 0.1068873  0.1683432  0.01880504 0.22972235
  0.76520807 0.02557903 0.02063511 0.03101747]
 [0.06744674 0.01806658 0.02652982 0.12982096 0.01179736 0.03256648
  0.02452092 0.5627136  0.0526135  0.09925288]
 [0.03848029 0.07926165 0.00307596 0.01880958 0.00511036 0.00752738
  0.00268415 0.01248872 0.15903957 0.01190035]
 [0.24033725 0.03360703 0.0463318  0.01526501 0.04114689 0.02832173
  0.04556381 0.1502854  0.05422214 0.5149831 ]]

lengths
[1.3769327 1.3314763 1.4945035 1.2767656 1.4482253 1.4117255 1.367921
 1.3990513 1.1636348 1.4377613]

Epoch: 13, Loss: 1576.3978
mean
[[ 2.6068327  -1.9173546   2.6538014   2.5833163  -0.09188518 -1.2007688
  -1.9603174   2.0178623 ]
 [ 0.53666073 -2.1029649   0.33406606  0.49934322  0.3673475  -1.8967954
   1.0444132  -0.87672544]
 [-0.84738445  1.3883787  -0.7411165  -0.78952956 -0.46418527  0.81195366
   0.04825888 -0.05051286]
 [-2.7647538   2.2074878  -2.6020274  -2.7840352  -2.349045   -0.87379885
   2.7825623  -2.7770126 ]
 [-0.13577934  0.24700806 -0.01579937 -0.10098943 -0.6333705  -0.31022963
   0.12851228 -0.16629931]
 [-1.5797615   0.6537257  -1.7211851  -1.6487585   0.26730594  0.28460068
   1.6636626  -1.627016  ]
 [-0.5757468   0.39818388 -0.73436517 -0.6102852   1.1021684   1.1701865
   0.1687438  -0.1631809 ]
 [ 1.4432951  -0.6677803   1.3488772   1.491854    1.4904839   1.1612886
  -1.9697541   2.021324  ]
 [-0.70350325 -0.31819493 -0.5938528  -0.7005567  -1.4958415  -1.9513263
   1.6908605  -1.6674278 ]
 [ 0.8642564  -0.5954867   0.8307726   0.8172337   0.45733947  0.1358219
  -0.827532    0.81098485]]

cov
[[0.1 0.1 0.1 0.1 0.1 0.1 0.1 0.1]
 [0.1 0.1 0.1 0.1 0.1 0.1 0.1 0.1]
 [0.1 0.1 0.1 0.1 0.1 0.1 0.1 0.1]
 [0.1 0.1 0.1 0.1 0.1 0.1 0.1 0.1]
 [0.1 0.1 0.1 0.1 0.1 0.1 0.1 0.1]
 [0.1 0.1 0.1 0.1 0.1 0.1 0.1 0.1]
 [0.1 0.1 0.1 0.1 0.1 0.1 0.1 0.1]
 [0.1 0.1 0.1 0.1 0.1 0.1 0.1 0.1]
 [0.1 0.1 0.1 0.1 0.1 0.1 0.1 0.1]
 [0.1 0.1 0.1 0.1 0.1 0.1 0.1 0.1]]

trans
[[0.5012516  0.01457513 0.0038814  0.00929831 0.00745146 0.00672545
  0.00365901 0.11402741 0.00995121 0.0664917 ]
 [0.03282644 0.7544367  0.00230539 0.01064595 0.01368152 0.01783546
  0.00363424 0.0159306  0.30468756 0.02462246]
 [0.00732895 0.00144476 0.64545614 0.16686392 0.01923041 0.06649502
  0.04145668 0.01337354 0.01804649 0.04483318]
 [0.00648548 0.00539964 0.02416596 0.08341408 0.00526849 0.06129403
  0.01178487 0.00989722 0.13605599 0.01027657]
 [0.1021127  0.07657101 0.09391083 0.04417057 0.8639253  0.06252259
  0.04216198 0.07579488 0.1468585  0.18270096]
 [0.00484735 0.00878846 0.04688621 0.35222876 0.01225335 0.4891037
  0.05926126 0.0204496  0.09304778 0.01250964]
 [0.00302083 0.00746219 0.10910911 0.17024006 0.01932239 0.22784692
  0.76578647 0.02683344 0.02463519 0.0313805 ]
 [0.06745148 0.01819332 0.0258485  0.12959576 0.01204358 0.03238918
  0.02437099 0.5600219  0.05317435 0.09764952]
 [0.03695386 0.07855739 0.00310015 0.01945536 0.00510959 0.00736582
  0.00261966 0.01270941 0.15891092 0.01115296]
 [0.23772137 0.03457142 0.04533635 0.01408726 0.04171392 0.02842184
  0.04526483 0.15096201 0.05463204 0.5183825 ]]

lengths
[1.3795031 1.3315349 1.4906251 1.2757468 1.4489003 1.4162306 1.367339
 1.4022145 1.1637137 1.4378523]

Loss didn't improve for 1 epochs
Epoch: 14, Loss: 1576.4309
mean
[[ 2.604893   -1.915644    2.6518843   2.5821984  -0.09197602 -1.1983709
  -1.9605756   2.0176032 ]
 [ 0.5374203  -2.1047173   0.3428727   0.49714676  0.36211658 -1.8985382
   1.0422568  -0.8803818 ]
 [-0.84739494  1.3937547  -0.7403889  -0.7893214  -0.46611837  0.8086819
   0.05087435 -0.05304749]
 [-2.769188    2.2112393  -2.6064134  -2.788622   -2.3515177  -0.8701538
   2.7856853  -2.779826  ]
 [-0.13630612  0.24881443 -0.01691423 -0.10389598 -0.6365385  -0.31217334
   0.12702386 -0.16485277]
 [-1.5794154   0.6504089  -1.7215089  -1.6485333   0.27265564  0.28789124
   1.6652442  -1.6284605 ]
 [-0.57389724  0.39714882 -0.7305958  -0.60882926  1.1026468   1.1709558
   0.16509715 -0.15976948]
 [ 1.4460056  -0.67005235  1.3515643   1.4947995   1.4892203   1.1620377
  -1.9734077   2.0255902 ]
 [-0.7276213  -0.29260555 -0.6196876  -0.7242127  -1.4902892  -1.9261127
   1.7047015  -1.6805199 ]
 [ 0.86641103 -0.59448206  0.8334672   0.82165414  0.4606862   0.13362041
  -0.82947874  0.8127961 ]]

cov
[[0.1 0.1 0.1 0.1 0.1 0.1 0.1 0.1]
 [0.1 0.1 0.1 0.1 0.1 0.1 0.1 0.1]
 [0.1 0.1 0.1 0.1 0.1 0.1 0.1 0.1]
 [0.1 0.1 0.1 0.1 0.1 0.1 0.1 0.1]
 [0.1 0.1 0.1 0.1 0.1 0.1 0.1 0.1]
 [0.1 0.1 0.1 0.1 0.1 0.1 0.1 0.1]
 [0.1 0.1 0.1 0.1 0.1 0.1 0.1 0.1]
 [0.1 0.1 0.1 0.1 0.1 0.1 0.1 0.1]
 [0.1 0.1 0.1 0.1 0.1 0.1 0.1 0.1]
 [0.1 0.1 0.1 0.1 0.1 0.1 0.1 0.1]]

trans
[[0.49896735 0.01406465 0.00377246 0.00920613 0.00748071 0.00644853
  0.00362981 0.11462774 0.00990912 0.06644324]
 [0.03391504 0.753577   0.00216842 0.01033709 0.01367683 0.01820371
  0.00362434 0.01627766 0.30265385 0.02455756]
 [0.00713775 0.00137389 0.64495426 0.16637057 0.01930856 0.06657767
  0.04198667 0.01353164 0.01954454 0.04556667]
 [0.00642607 0.0054254  0.02471044 0.08372364 0.00520829 0.06152717
  0.01182275 0.00984607 0.13365348 0.01021594]
 [0.10353316 0.07709879 0.09389459 0.04405331 0.86426324 0.0628901
  0.04170651 0.07655007 0.14117844 0.18174568]
 [0.00472897 0.00881563 0.04828816 0.35236722 0.01177502 0.48954463
  0.05887287 0.02037309 0.09403865 0.01241303]
 [0.00302946 0.0074967  0.10898878 0.17139544 0.01936692 0.22664867
  0.7663693  0.02709941 0.02941449 0.03166727]
