hsmm_combined_motion
loaded from config /users/debert/data/datasets/nbc/config/combined_motion.json
Epoch: 0, Loss: 6963.9374
mean
[[-0.01803638 -0.08723652  0.10533566  0.05122952  0.05828366  0.06562961]
 [ 0.02820229  0.01637625  0.17340255  0.05620237  0.02785133  0.0507547 ]
 [-0.01936816 -0.06488366  0.0986939   0.05128978  0.07023711  0.06152335]
 [-0.02359771 -0.14384082  0.10555059  0.0517735   0.01598758  0.08514486]
 [ 0.02849056  0.02679839  0.16733336  0.05557026  0.03158343  0.04623427]
 [ 0.02769141  0.03890142  0.16260123  0.05557358  0.03789068  0.04368348]
 [ 0.02785039  0.03915095  0.16323888  0.05541222  0.03752485  0.04368593]
 [-0.01853941 -0.08276972  0.10245372  0.05145714  0.06253286  0.06434873]
 [-0.01887045 -0.08823989  0.10208621  0.05151509  0.06120347  0.06517053]
 [ 0.01672171 -0.06109921  0.15772417  0.06153617  0.02077044  0.06875943]]

cov
[[1. 1. 1. 1. 1. 1.]
 [1. 1. 1. 1. 1. 1.]
 [1. 1. 1. 1. 1. 1.]
 [1. 1. 1. 1. 1. 1.]
 [1. 1. 1. 1. 1. 1.]
 [1. 1. 1. 1. 1. 1.]
 [1. 1. 1. 1. 1. 1.]
 [1. 1. 1. 1. 1. 1.]
 [1. 1. 1. 1. 1. 1.]
 [1. 1. 1. 1. 1. 1.]]

trans
[[0.13361935 0.12991351 0.12937228 0.13446717 0.12851442 0.12789649
  0.12990412 0.13244095 0.13275513 0.13128687]
 [0.06232285 0.06448229 0.06033169 0.06099274 0.06421679 0.06389979
  0.06506132 0.06176319 0.06170266 0.06294964]
 [0.13713294 0.13329706 0.13636571 0.13575643 0.1324532  0.13262479
  0.13433106 0.13616687 0.13587603 0.13431905]
 [0.13704973 0.14060476 0.14905798 0.14643116 0.14789163 0.14657967
  0.14068466 0.14500935 0.1452522  0.14605647]
 [0.06227654 0.0643149  0.06211113 0.06061435 0.06377443 0.06395384
  0.06493645 0.06178632 0.06175811 0.06266727]
 [0.06301821 0.06498099 0.06299049 0.06089584 0.06451892 0.06537084
  0.06562048 0.06255715 0.06254563 0.06326205]
 [0.06296654 0.06491738 0.06293489 0.06080196 0.0644232  0.06454221
  0.0655288  0.06249224 0.06247137 0.0632128 ]
 [0.1352795  0.13124888 0.13436882 0.13538043 0.12990174 0.13096468
  0.13160256 0.13420096 0.134146   0.13288525]
 [0.13620682 0.13213445 0.13193348 0.13641605 0.13172121 0.13174611
  0.13245393 0.13510564 0.13501686 0.13395165]
 [0.07012752 0.07410578 0.07053349 0.06824388 0.07258443 0.07242159
  0.06987659 0.06847735 0.06847601 0.06940892]]

lengths
[1.6573799 1.6999066 1.656198  1.6439139 1.7013689 1.7019638 1.7022856
 1.6559304 1.655272  1.6810852]

Epoch: 1, Loss: 6740.4346
mean
[[ 0.09278902 -0.8111     -0.21956807  0.00091065 -0.39557868 -0.14799622]
 [ 0.17368779  0.73199725  0.66622114  0.03263466  0.704579    0.3531273 ]
 [-0.1016673   0.53122514 -0.58397335 -0.16170867  0.5958214  -0.39353007]
 [ 0.01737318 -0.96954924  0.54475427  0.02761836 -0.6885929   0.4318897 ]
 [ 0.153012    0.7605588   0.562312    0.00792342  0.7600543   0.1972736 ]
 [ 0.16013592  0.78953296  0.32431096  0.01836875  0.8154446   0.01013106]
 [ 0.15923479  0.789841    0.34272707  0.01693536  0.814499    0.01892296]
 [ 0.08888262 -0.71238744 -0.33790377 -0.010904   -0.3344105  -0.18340895]
 [ 0.10234469 -0.80622816 -0.32613534  0.00675744 -0.3993149  -0.19612762]
 [ 0.26753756 -0.7243098   0.6706051   0.12973346 -0.4227363   0.46720845]]

cov
[[1. 1. 1. 1. 1. 1.]
 [1. 1. 1. 1. 1. 1.]
 [1. 1. 1. 1. 1. 1.]
 [1. 1. 1. 1. 1. 1.]
 [1. 1. 1. 1. 1. 1.]
 [1. 1. 1. 1. 1. 1.]
 [1. 1. 1. 1. 1. 1.]
 [1. 1. 1. 1. 1. 1.]
 [1. 1. 1. 1. 1. 1.]
 [1. 1. 1. 1. 1. 1.]]

trans
[[0.1334432  0.07199826 0.07175239 0.09309394 0.06981822 0.06782474
  0.06861842 0.11810605 0.13342667 0.0697858 ]
 [0.04017828 0.13649817 0.07482021 0.03562793 0.13408509 0.13051449
  0.13250074 0.041489   0.03816815 0.07111726]
 [0.09035154 0.08285539 0.1935446  0.08688127 0.11444497 0.13825825
  0.13716938 0.10979217 0.09524529 0.07265405]
 [0.29522595 0.09425806 0.14112863 0.36474347 0.08929916 0.0820381
  0.0784658  0.29357502 0.29705858 0.31979474]
 [0.04445458 0.13777027 0.09192643 0.03544461 0.1344504  0.13183902
  0.13343847 0.04753575 0.04236259 0.06402664]
 [0.05290256 0.14037217 0.12113391 0.03584094 0.1373922  0.13666196
  0.13668962 0.05808993 0.05060865 0.06552232]
 [0.05323941 0.14025407 0.12021975 0.03578604 0.13715202 0.13484868
  0.136418   0.05849566 0.05089083 0.06619241]
 [0.10806777 0.07307171 0.07488368 0.08873642 0.07092018 0.06981286
  0.06987046 0.1064282  0.1115405  0.07105237]
 [0.14822239 0.07359076 0.07433703 0.09685132 0.07191975 0.07021536
  0.0703092  0.13425024 0.14798184 0.07206059]
 [0.03391436 0.04933119 0.03625338 0.12699404 0.04051803 0.03798654
  0.0365199  0.03223798 0.0327169  0.12779386]]

lengths
[1.3445157 1.5343271 1.4809929 1.4565867 1.5250827 1.532931  1.5330976
 1.3384851 1.3526574 1.5214208]

Epoch: 2, Loss: 6281.6603
mean
[[-0.00532181 -1.2338625  -0.6807007  -0.00027481 -0.4866647  -0.20899212]
 [ 0.18887787  1.4859681   1.4945303   0.1149313   0.44639027  0.6717832 ]
 [ 0.03492334  1.3988279  -1.3288949  -0.00312951  0.8081661  -0.6919552 ]
 [-0.29266265 -1.6695952   1.3004835  -0.13500693 -1.1715274   0.59120065]
 [-0.18350935  1.4781753   1.2022194  -0.11354046  0.49362436  0.30552438]
 [ 0.03127801  1.4821801   0.07137728  0.00398931  0.8432599   0.03380497]
 [ 0.00532972  1.477841    0.16415076 -0.01116538  0.8240832   0.06091529]
 [ 0.02317492 -1.0424383  -0.76156026  0.00800279 -0.3463021  -0.2025364 ]
 [ 0.07367122 -1.3805424  -0.95525026  0.05177915 -0.73855597 -0.46333817]
 [ 0.6824289  -1.321956    1.5046858   0.27859345 -0.35230467  0.43662784]]

cov
[[1. 1. 1. 1. 1. 1.]
 [1. 1. 1. 1. 1. 1.]
 [1. 1. 1. 1. 1. 1.]
 [1. 1. 1. 1. 1. 1.]
 [1. 1. 1. 1. 1. 1.]
 [1. 1. 1. 1. 1. 1.]
 [1. 1. 1. 1. 1. 1.]
 [1. 1. 1. 1. 1. 1.]
 [1. 1. 1. 1. 1. 1.]
 [1. 1. 1. 1. 1. 1.]]

trans
[[0.24810444 0.0231086  0.04097903 0.03355545 0.02383824 0.02392856
  0.02401195 0.21431881 0.24307483 0.02542553]
 [0.01440711 0.2825218  0.03332315 0.02136153 0.26427913 0.1432486
  0.15499292 0.01446525 0.01266732 0.12401485]
 [0.08164489 0.02592597 0.5364819  0.02943656 0.04648268 0.19577983
  0.17636967 0.15807877 0.0971422  0.02500189]
 [0.12339861 0.09793724 0.05887377 0.6393949  0.05296756 0.02539074
  0.02465158 0.1096713  0.1150117  0.39663014]
 [0.01833759 0.24709627 0.04324127 0.01708583 0.25954008 0.1584073
  0.17006707 0.01923216 0.01505413 0.041409  ]
 [0.02616316 0.09542911 0.07217836 0.01371866 0.12730806 0.19880068
  0.19581194 0.02968336 0.02000437 0.02554377]
 [0.02611916 0.0989836  0.0699687  0.0138042  0.13255268 0.19182116
  0.19200148 0.0295372  0.01996409 0.02602328]
 [0.19167255 0.02349899 0.06520965 0.03106622 0.02423062 0.02506129
  0.02482175 0.18889175 0.19631848 0.02643463]
 [0.2598684  0.02297785 0.06427877 0.03381891 0.02326666 0.0236827
  0.02347808 0.22650565 0.27079394 0.02506268]
 [0.01028406 0.08252052 0.01546534 0.16675775 0.04553432 0.01387916
  0.01379354 0.00961571 0.00996895 0.28445426]]

lengths
[1.4284927 1.4816706 1.6469369 1.4099125 1.355888  1.3265717 1.3199439
 1.484121  1.472232  1.604624 ]

Epoch: 3, Loss: 6152.2755
mean
[[ 0.01215502 -0.66229683 -0.06798523  0.03435121  0.00308881  0.07100024]
 [ 0.8570323   1.680497    1.8007078   0.44532675  0.45391104  0.6059491 ]
 [ 0.09177809  1.9049405  -1.4560757  -0.00780403  1.0420996  -0.5785218 ]
 [-0.2934183  -1.9033911   1.4627225  -0.09477906 -1.3441533   0.9230695 ]
 [-0.7761361   1.6296742   1.4416398  -0.3388488   0.12048075  0.3706738 ]
 [-0.00484093  1.542242   -0.04365335 -0.02284     0.539382    0.08074583]
 [-0.01337665  1.522931    0.0344521  -0.02607539  0.48798716  0.08993234]
 [ 0.01005713 -0.31666675 -0.0564667   0.02132036  0.1022734   0.04724554]
 [ 0.13651893 -1.6400781  -1.2229421   0.0756777  -0.9985998  -0.58760613]
 [ 0.3753611  -1.2035522   1.5450314   0.11142582  0.05823608  0.15540764]]

cov
[[1. 1. 1. 1. 1. 1.]
 [1. 1. 1. 1. 1. 1.]
 [1. 1. 1. 1. 1. 1.]
 [1. 1. 1. 1. 1. 1.]
 [1. 1. 1. 1. 1. 1.]
 [1. 1. 1. 1. 1. 1.]
 [1. 1. 1. 1. 1. 1.]
 [1. 1. 1. 1. 1. 1.]
 [1. 1. 1. 1. 1. 1.]
 [1. 1. 1. 1. 1. 1.]]

trans
[[0.41982648 0.0104981  0.02680209 0.0362388  0.01595891 0.0224394
  0.02283174 0.3722898  0.20935422 0.02425514]
 [0.00538715 0.53395206 0.01203847 0.02447179 0.19476062 0.05780856
  0.06553051 0.00530563 0.00530962 0.12279684]
 [0.02559651 0.00832033 0.7226769  0.01513152 0.01437566 0.13906223
  0.11134914 0.05959561 0.04713621 0.00907013]
 [0.03031109 0.08034948 0.01891746 0.7358874  0.06187249 0.01133275
  0.01149081 0.02779807 0.03721495 0.12275711]
 [0.01476097 0.11438389 0.01393303 0.02080579 0.50977606 0.07721461
  0.0919478  0.01629205 0.00789186 0.02853905]
 [0.03561273 0.02971461 0.02253361 0.00956322 0.04497552 0.33381468
  0.33070832 0.04537103 0.01349977 0.01155117]
 [0.0357478  0.03091197 0.02175055 0.009806   0.04852725 0.3077074
  0.3150435  0.0450875  0.01360765 0.0118208 ]
 [0.3362353  0.01100109 0.07233808 0.02719916 0.0167768  0.0260435
  0.02604935 0.34489283 0.18187258 0.02754398]
 [0.09229687 0.00877132 0.08226725 0.02796274 0.01045166 0.01495601
  0.01485588 0.07896175 0.47891727 0.01115722]
 [0.00422506 0.17209715 0.00674259 0.09293356 0.08252501 0.00962087
  0.01019293 0.0044057  0.00519585 0.6305086 ]]

lengths
[1.4458307 1.4390908 1.3385229 1.3590055 1.4731668 1.4940388 1.4881685
 1.7147185 1.4620159 1.5822803]

Epoch: 4, Loss: 6015.1503
mean
[[-0.01860359 -0.20294806  0.14319383  0.01088386 -0.18921088  0.02389445]
 [ 1.3106055   1.6122453   1.6273537   0.64450544  0.8569985   0.75926656]
 [-0.13214199  1.9784206  -1.3008577  -0.11246332  1.5343385  -0.8439543 ]
 [ 0.03629502 -1.8863909   1.3261459   0.02565024 -1.701834    1.3796036 ]
 [-1.1850458   1.6190954   1.6930748  -0.5090762   0.538691    0.8156252 ]
 [ 0.13167867  1.4514166  -0.17488156  0.02984041  0.4939254  -0.03061257]
 [ 0.16702457  1.4199848  -0.12006506  0.03621082  0.37448135 -0.04031663]
 [ 0.01829595  0.33259892  0.19164419  0.00411831 -0.1093036  -0.00211352]
 [ 0.05833542 -1.8168008  -1.3297094   0.02330786 -0.9713384  -0.54445845]
 [ 0.10977105 -1.3983449   1.3074605   0.04251705 -0.09316278  0.13504805]]

cov
[[1. 1. 1. 1. 1. 1.]
 [1. 1. 1. 1. 1. 1.]
 [1. 1. 1. 1. 1. 1.]
 [1. 1. 1. 1. 1. 1.]
 [1. 1. 1. 1. 1. 1.]
 [1. 1. 1. 1. 1. 1.]
 [1. 1. 1. 1. 1. 1.]
 [1. 1. 1. 1. 1. 1.]
 [1. 1. 1. 1. 1. 1.]
 [1. 1. 1. 1. 1. 1.]]

trans
[[0.52924377 0.0054412  0.01726469 0.06153959 0.01191677 0.04286978
  0.04277748 0.41318515 0.07494271 0.04273874]
 [0.00186602 0.6768078  0.01037484 0.02666745 0.05439404 0.03743207
  0.04249018 0.00188969 0.00341679 0.04189787]
 [0.00637186 0.00404831 0.7126074  0.01129865 0.00582314 0.14205576
  0.09629456 0.01656122 0.04382967 0.00473734]
 [0.00776459 0.0452647  0.01056607 0.7328528  0.07630776 0.00856031
  0.00865338 0.00772348 0.01900488 0.03440494]
 [0.00737118 0.03123556 0.00923815 0.03130791 0.67937905 0.0441682
  0.0525388  0.00849982 0.00581154 0.0225041 ]
 [0.02916204 0.0102454  0.01090363 0.00887113 0.01369132 0.3411184
  0.3479296  0.04291569 0.01130045 0.00746006]
 [0.02961549 0.01051142 0.01056003 0.00915215 0.01467714 0.29602164
  0.32179213 0.04298933 0.01155561 0.00731083]
 [0.36652398 0.00576706 0.05100777 0.03191843 0.01193654 0.05126436
  0.050241   0.4449566  0.06256154 0.0434259 ]
 [0.01929354 0.00426988 0.16217794 0.04561773 0.00590093 0.02026672
  0.0192242  0.01821466 0.7615495  0.00889549]
 [0.00278755 0.20640863 0.00529948 0.0407742  0.12597327 0.01624276
  0.01805862 0.00306433 0.00602732 0.7866247 ]]

lengths
[1.4403452 1.3860419 1.4154817 1.4820365 1.5230302 1.480026  1.482341
 1.3746135 1.4113737 1.3254135]

Epoch: 5, Loss: 5973.6274
mean
[[-0.02605864 -0.49395877 -0.15320772 -0.02203552 -0.10638013 -0.02710954]
 [ 1.0058855   1.5246164   1.5144804   0.5485419   0.8291088   0.746067  ]
 [-0.17949854  1.9081203  -1.1640017  -0.19733877  1.9396031  -1.0280021 ]
 [ 0.02606131 -1.7782018   1.2413884   0.02515984 -1.9740195   1.2459946 ]
 [-0.87719244  1.634871    1.6401725  -0.4085341   0.93007714  0.71053064]
 [ 0.17089115  1.4558712  -0.83098197  0.06928904  0.39895526 -0.10817251]
 [ 0.32487297  1.4226544  -0.7905214   0.08722784  0.20844556 -0.11218146]
 [-0.04813801  0.4583223   0.03963158 -0.05147684  0.15967405  0.0069524 ]
 [ 0.06354463 -1.6992248  -1.2107592   0.02973377 -0.7435634  -0.5226397 ]
 [ 0.17594217 -1.5015092   1.2682079   0.04412512 -0.05348323  0.09325047]]

cov
[[1. 1. 1. 1. 1. 1.]
 [1. 1. 1. 1. 1. 1.]
 [1. 1. 1. 1. 1. 1.]
 [1. 1. 1. 1. 1. 1.]
 [1. 1. 1. 1. 1. 1.]
 [1. 1. 1. 1. 1. 1.]
 [1. 1. 1. 1. 1. 1.]
 [1. 1. 1. 1. 1. 1.]
 [1. 1. 1. 1. 1. 1.]
 [1. 1. 1. 1. 1. 1.]]

trans
[[0.70327127 0.00400705 0.0120643  0.07952096 0.01052888 0.06266718
  0.06192766 0.34035265 0.06246215 0.09364572]
 [0.00121987 0.72037023 0.0139131  0.02964498 0.02810668 0.03995312
  0.04790884 0.00155601 0.00523182 0.02986491]
 [0.0032108  0.00366566 0.7100026  0.00914308 0.00513582 0.14748067
  0.08435386 0.01043293 0.0582592  0.00528074]
 [0.00385974 0.05615114 0.00899897 0.7156008  0.09734434 0.00770538
  0.00778266 0.00465451 0.02207838 0.0187015 ]
 [0.00523628 0.01647967 0.01187888 0.03537474 0.6499433  0.03390155
  0.03842053 0.00842813 0.0106609  0.03608355]
 [0.02769492 0.00647921 0.00818141 0.00827305 0.00782773 0.28944448
  0.2917909  0.05692666 0.02728745 0.01152262]
 [0.0268233  0.00660365 0.00796288 0.00852446 0.00818971 0.24934116
  0.29367352 0.05559676 0.02981428 0.01038249]
 [0.21626803 0.0043247  0.03295278 0.02697353 0.01017157 0.06937775
  0.0681562  0.5068894  0.04176147 0.06290302]
 [0.00819137 0.00355871 0.18877052 0.06585081 0.00599665 0.04730157
  0.04243912 0.00982926 0.7254298  0.015683  ]
 [0.00422439 0.17835997 0.00527456 0.02109355 0.17675535 0.05282715
  0.06354669 0.00533373 0.01701459 0.7159325 ]]

lengths
[1.4803216 1.4141833 1.5413582 1.5252336 1.4219252 1.428993  1.4311754
 1.4372116 1.3800008 1.458376 ]

Epoch: 6, Loss: 5945.2874
mean
[[ 0.02241788 -0.7039591  -0.01017657 -0.03450986 -0.24901152  0.04558336]
 [ 0.9531644   1.4520165   1.5251374   0.49597546  0.47677565  0.5615214 ]
 [-0.12140071  1.8934991  -1.0518771  -0.1419448   2.1631415  -1.0074582 ]
 [-0.10484794 -1.7053454   1.2316564  -0.03306022 -1.9928983   1.104331  ]
 [-0.72971785  1.7030118   1.4057915  -0.3699601   0.85846573  0.56322974]
 [-0.3031307   1.502148   -1.3123784  -0.05917924  0.18088675 -0.2030818 ]
 [ 0.5559225   1.4697323  -1.3905691   0.16995575  0.01696692 -0.24272981]
 [ 0.01351802  0.59160125  0.22205979 -0.06100942  0.14488485  0.01418039]
 [ 0.07976355 -1.6706641  -1.2983892   0.02934133 -0.91202223 -0.67226315]
 [ 0.14064302 -1.3411725   1.430743    0.03757551 -0.05408978  0.15845536]]

cov
[[1. 1. 1. 1. 1. 1.]
 [1. 1. 1. 1. 1. 1.]
 [1. 1. 1. 1. 1. 1.]
 [1. 1. 1. 1. 1. 1.]
 [1. 1. 1. 1. 1. 1.]
 [1. 1. 1. 1. 1. 1.]
 [1. 1. 1. 1. 1. 1.]
 [1. 1. 1. 1. 1. 1.]
 [1. 1. 1. 1. 1. 1.]
 [1. 1. 1. 1. 1. 1.]]

trans
[[0.73252463 0.00389639 0.00998172 0.07764332 0.01039236 0.05224217
  0.04916247 0.14367458 0.06300587 0.09525078]
 [0.00157888 0.70579636 0.0210485  0.03447791 0.02451478 0.04339721
  0.06199044 0.00215441 0.00941697 0.04279054]
 [0.0030227  0.00468978 0.76789755 0.00748196 0.00800072 0.09315622
  0.04388615 0.0099904  0.03662544 0.00707795]
 [0.00344556 0.0853738  0.0096193  0.7319129  0.09048047 0.00632142
  0.00606842 0.00370628 0.03140456 0.01409999]
 [0.00692206 0.01417163 0.02073035 0.0333832  0.69487166 0.03111591
  0.02724142 0.01499463 0.02244193 0.05597042]
 [0.02574582 0.0063937  0.00806424 0.00724717 0.00713695 0.29117754
  0.2072807  0.04444301 0.05644122 0.01385141]
 [0.02230413 0.00679883 0.00806131 0.00744098 0.00702843 0.23871513
  0.36275238 0.03896927 0.07215007 0.01121827]
 [0.18937488 0.00440447 0.02809011 0.01860106 0.0105461  0.04973277
  0.04678985 0.72491366 0.03300161 0.04283035]
 [0.0063182  0.00436642 0.12121746 0.06825502 0.009026   0.12695284
  0.10745662 0.00724874 0.6313077  0.02852465]
 [0.00876312 0.16410859 0.00528946 0.01355644 0.13800253 0.06718881
  0.08737157 0.00990502 0.0442046  0.68838567]]

lengths
[1.3784049 1.4193487 1.4835049 1.460141  1.4466666 1.4474498 1.4740514
 1.5554447 1.4457047 1.4397664]

Epoch: 7, Loss: 5928.2426
mean
[[-0.00478626 -0.7586667  -0.08741356 -0.04492224 -0.19218197  0.01517087]
 [ 1.107959    1.4066416   1.5838373   0.53978264  0.4331245   0.6291178 ]
 [-0.04992999  1.9530386  -0.97344697 -0.08399796  2.1194966  -0.8339153 ]
 [-0.05701102 -1.7153322   1.2504102  -0.03598304 -1.9014834   1.2265295 ]
 [-0.868615    1.7645596   1.4619082  -0.39991844  0.846069    0.7040654 ]
 [-1.0022309   1.5103574  -1.3481729  -0.3339905   0.05234752 -0.26556498]
 [ 1.134104    1.4360977  -1.4546248   0.32610816  0.07812022 -0.3711887 ]
 [ 0.02677463  0.52476925  0.08455227 -0.06700671  0.14535286 -0.00649595]
 [ 0.05781799 -1.7613525  -1.3870144   0.02148223 -0.92684    -0.56094205]
 [ 0.16539001 -1.4074142   1.4258555   0.03963346 -0.05728456  0.13139036]]

cov
[[1. 1. 1. 1. 1. 1.]
 [1. 1. 1. 1. 1. 1.]
 [1. 1. 1. 1. 1. 1.]
 [1. 1. 1. 1. 1. 1.]
 [1. 1. 1. 1. 1. 1.]
 [1. 1. 1. 1. 1. 1.]
 [1. 1. 1. 1. 1. 1.]
 [1. 1. 1. 1. 1. 1.]
 [1. 1. 1. 1. 1. 1.]
 [1. 1. 1. 1. 1. 1.]]

trans
[[0.7250866  0.00417476 0.00949082 0.08704051 0.01319606 0.03489447
  0.02643398 0.12315965 0.06111703 0.08518343]
 [0.00224458 0.69028455 0.02917064 0.03508167 0.03205245 0.02966941
  0.06723005 0.00458731 0.01115139 0.065636  ]
 [0.00418433 0.00634384 0.78092927 0.00644296 0.01986686 0.04660926
  0.01669748 0.01726099 0.02144642 0.01033298]
 [0.00358458 0.08294961 0.01109804 0.744027   0.09615787 0.0043899
  0.00345525 0.00349706 0.03884167 0.01169431]
 [0.0079792  0.01405252 0.0350133  0.03111906 0.6471864  0.0329151
  0.0132113  0.02287371 0.03045621 0.05333796]
 [0.01644379 0.00688635 0.00927941 0.00639828 0.00979124 0.4864725
  0.06462485 0.0220806  0.04871334 0.00960261]
 [0.01244408 0.0090474  0.00962414 0.00604036 0.00818597 0.10855643
  0.58400273 0.01752972 0.05725761 0.00751993]
 [0.21191277 0.00491975 0.02903986 0.01321557 0.01390923 0.02577818
  0.02110855 0.76784915 0.02472993 0.02589684]
 [0.00566507 0.00590324 0.08130481 0.0605145  0.01870026 0.19833274
  0.16524993 0.00633347 0.65060407 0.03677762]
 [0.010455   0.17543796 0.00504971 0.01012007 0.14095365 0.03238204
  0.0379859  0.01482836 0.05568238 0.6940183 ]]

lengths
[1.4767104 1.4136853 1.4467325 1.4560175 1.4527401 1.5158834 1.5038763
 1.3774704 1.441558  1.4228052]

Epoch: 8, Loss: 5916.5279
mean
[[ 0.00398484 -0.7697375  -0.05550848 -0.02428761 -0.27129206  0.00674896]
 [ 0.98579323  1.3858342   1.5660471   0.47753435  0.50373673  0.62072545]
 [-0.05932471  2.0244944  -0.8843953  -0.08545214  2.0959165  -0.7440139 ]
 [-0.02344346 -1.73595     1.2887754   0.00351665 -1.8262037   1.2351882 ]
 [-0.8413217   1.7415476   1.5461422  -0.38141525  0.8337959   0.6770434 ]
 [-0.9723971   1.4949931  -1.3859562  -0.3586426   0.12048437 -0.3747206 ]
 [ 0.95420206  1.3521849  -1.3453383   0.3358429   0.19984281 -0.39415732]
 [ 0.00366258  0.44197428  0.03391197 -0.04663074  0.09649364 -0.00271569]
 [ 0.05794888 -1.8266734  -1.3135955   0.01666347 -0.913144   -0.58220094]
 [ 0.12361192 -1.4600291   1.3861697   0.02411066 -0.03151887  0.08701734]]

cov
[[1. 1. 1. 1. 1. 1.]
 [1. 1. 1. 1. 1. 1.]
 [1. 1. 1. 1. 1. 1.]
 [1. 1. 1. 1. 1. 1.]
 [1. 1. 1. 1. 1. 1.]
 [1. 1. 1. 1. 1. 1.]
 [1. 1. 1. 1. 1. 1.]
 [1. 1. 1. 1. 1. 1.]
 [1. 1. 1. 1. 1. 1.]
 [1. 1. 1. 1. 1. 1.]]

trans
[[0.6413658  0.00464086 0.01035661 0.09965947 0.0147834  0.02074216
  0.01489522 0.14417572 0.06909617 0.10898356]
 [0.0028989  0.68490636 0.03436945 0.03435222 0.03914927 0.01509095
  0.07505105 0.01174675 0.01031087 0.06995502]
 [0.00735103 0.00808119 0.7608009  0.00594231 0.03718987 0.01972729
  0.00714185 0.03949468 0.01801914 0.0150771 ]
 [0.00418489 0.070298   0.01341796 0.74352944 0.08864734 0.0028173
  0.00200472 0.00387253 0.04585093 0.01022638]
 [0.0074094  0.01498132 0.04797789 0.03253907 0.62418586 0.03947118
  0.0064671  0.0198892  0.02977471 0.04545269]
 [0.0112066  0.00727318 0.01270326 0.00600865 0.01297348 0.6839642
  0.01960909 0.01420687 0.04269231 0.0061245 ]
 [0.00908962 0.01429479 0.01326201 0.00489455 0.0085115  0.03663955
  0.6871498  0.0126168  0.04388407 0.00545307]
 [0.30188626 0.00578993 0.03479504 0.01046329 0.01597847 0.01236986
  0.01109223 0.7326443  0.02135414 0.0211298 ]
 [0.00577128 0.00773218 0.06749655 0.0542456  0.03000094 0.15071213
  0.15293898 0.00641388 0.6701491  0.03487276]
 [0.0088362  0.18200217 0.00482029 0.00836539 0.12857985 0.01846541
  0.02364998 0.01493925 0.04886857 0.68272513]]

lengths
[1.4409522 1.413262  1.4898484 1.4748007 1.45522   1.4768903 1.4526938
 1.485503  1.4019734 1.4412603]

Epoch: 9, Loss: 5912.4545
mean
[[-0.00608163 -0.83380085 -0.01459382  0.00415156 -0.23318991  0.03253832]
 [ 0.9621325   1.3955534   1.5168068   0.4622549   0.4545656   0.55134195]
 [-0.05115024  2.0616016  -0.8110645  -0.06581926  2.1601148  -0.7346484 ]
 [-0.0342876  -1.7279751   1.3117807   0.00774952 -1.8090171   1.2110916 ]
 [-0.87657213  1.6845871   1.4996363  -0.41017842  0.7394185   0.6411084 ]
 [-0.83587474  1.4541839  -1.4202477  -0.39438733  0.25076357 -0.39953372]
 [ 0.88425744  1.2714499  -1.3549352   0.3127766   0.17995365 -0.38178635]
 [-0.01648892  0.40619725  0.07033218 -0.01312147  0.102761    0.00254554]
 [ 0.06413554 -1.804915   -1.2868251   0.02660227 -0.9338883  -0.57077867]
 [ 0.16042647 -1.4586679   1.438346    0.03223276 -0.03037779  0.10158329]]

cov
[[1. 1. 1. 1. 1. 1.]
 [1. 1. 1. 1. 1. 1.]
 [1. 1. 1. 1. 1. 1.]
 [1. 1. 1. 1. 1. 1.]
 [1. 1. 1. 1. 1. 1.]
 [1. 1. 1. 1. 1. 1.]
 [1. 1. 1. 1. 1. 1.]
 [1. 1. 1. 1. 1. 1.]
 [1. 1. 1. 1. 1. 1.]
 [1. 1. 1. 1. 1. 1.]]

trans
[[0.65181375 0.0051276  0.01171438 0.09690075 0.01325584 0.01856882
  0.0127827  0.1359451  0.08391513 0.12742682]
 [0.0028058  0.6798059  0.0343681  0.03705724 0.03926784 0.01137006
  0.10027895 0.01543631 0.00943693 0.06215387]
 [0.00993444 0.0090823  0.73831844 0.00572436 0.0352754  0.01314905
  0.00486754 0.04632894 0.01788784 0.01662577]
 [0.00452115 0.06962988 0.01626166 0.7459988  0.0799096  0.00274976
  0.00168228 0.00396767 0.0507651  0.00907617]
 [0.00584899 0.01608421 0.04992805 0.03565479 0.6453895  0.07133649
  0.00481832 0.01463423 0.02718473 0.04287942]
 [0.00850739 0.0075211  0.0190835  0.0058693  0.01467696 0.65564376
  0.01157032 0.01216394 0.04479454 0.00433202]
 [0.00834631 0.02378647 0.01958983 0.00422909 0.00747783 0.02517247
  0.66839707 0.01347616 0.05184378 0.00492954]
 [0.29597825 0.0068118  0.04232069 0.00877587 0.01462929 0.00949175
  0.00946939 0.7408668  0.02005933 0.018583  ]
 [0.0055721  0.00956526 0.0638746  0.05246976 0.03210822 0.17105965
  0.15688953 0.00600911 0.6511736  0.02997314]
 [0.00667183 0.17258552 0.00454076 0.00732009 0.11800957 0.02145817
  0.02924387 0.01117174 0.04293902 0.6840203 ]]

lengths
[1.4456147 1.402906  1.5105319 1.4612793 1.4563553 1.3633407 1.4248705
 1.4479636 1.4195541 1.4237206]

Epoch: 10, Loss: 5910.4497
mean
[[-0.00610289 -0.87058675 -0.03589943  0.0056974  -0.26454037  0.02496573]
 [ 1.0106477   1.4122334   1.5330318   0.47603968  0.44306773  0.57562256]
 [ 0.00324328  2.0738492  -0.77208406 -0.01671297  2.1949482  -0.70432335]
 [-0.03677383 -1.7128699   1.305406   -0.00475417 -1.82935     1.2335333 ]
 [-0.9016768   1.6393911   1.5190765  -0.3991707   0.6961179   0.672793  ]
 [-0.9893615   1.4216169  -1.4009054  -0.4616517   0.3171816  -0.44943827]
 [ 0.97139806  1.2374082  -1.3793991   0.32932335  0.13106598 -0.3897922 ]
 [-0.03247307  0.4059862   0.02244123 -0.00380279  0.09467652  0.00094043]
 [ 0.05770557 -1.7826753  -1.3175613   0.01598542 -0.95052177 -0.5672125 ]
 [ 0.15614152 -1.462799    1.4563469   0.03168074 -0.02999504  0.09351215]]

cov
[[1. 1. 1. 1. 1. 1.]
 [1. 1. 1. 1. 1. 1.]
 [1. 1. 1. 1. 1. 1.]
 [1. 1. 1. 1. 1. 1.]
 [1. 1. 1. 1. 1. 1.]
 [1. 1. 1. 1. 1. 1.]
 [1. 1. 1. 1. 1. 1.]
 [1. 1. 1. 1. 1. 1.]
 [1. 1. 1. 1. 1. 1.]
 [1. 1. 1. 1. 1. 1.]]

trans
[[0.65821505 0.00545219 0.0123142  0.09062425 0.01197608 0.01760435
  0.01229949 0.11237802 0.08955476 0.12068208]
 [0.0027674  0.671189   0.03137901 0.03986646 0.03924465 0.00925479
  0.10213683 0.01214892 0.00882159 0.06387017]
 [0.01253662 0.00896856 0.72977173 0.00568267 0.02511601 0.01005491
  0.00390287 0.03424852 0.0174463  0.01512134]
 [0.00507774 0.07155308 0.01871684 0.7469143  0.08727237 0.00294503
  0.00155078 0.00390777 0.04997746 0.00835332]
 [0.0054992  0.0166831  0.04233769 0.03777142 0.6381924  0.10032851
  0.00409579 0.01300419 0.02510095 0.04579519]
 [0.00830229 0.00747531 0.02886139 0.00593314 0.01732438 0.6229906
  0.0092909  0.01363347 0.04941503 0.00354216]
 [0.0093024  0.03497532 0.02723041 0.00387408 0.00663632 0.02254345
  0.6599988  0.01661947 0.05851739 0.00508182]
 [0.28656    0.00757481 0.04516976 0.00772396 0.01306393 0.00811915
  0.00948294 0.77996343 0.01823548 0.01656593]
 [0.00571153 0.01091171 0.06012703 0.05496501 0.03106778 0.17977403
  0.15656507 0.0054583  0.64507973 0.02757377]
 [0.00602781 0.16521694 0.00409194 0.00664464 0.13010606 0.02638515
  0.04067652 0.00863789 0.03785125 0.6934143 ]]

lengths
[1.4521041 1.4138267 1.503128  1.4585105 1.446756  1.412719  1.4595615
 1.4529402 1.4263496 1.4295534]

Epoch: 11, Loss: 5909.2936
mean
[[-0.00302145 -0.9073675  -0.02670787 -0.00693534 -0.2682785   0.02331207]
 [ 0.99219537  1.4113772   1.5514015   0.47480848  0.4694708   0.5944768 ]
 [ 0.04013535  2.0800688  -0.7418582   0.02065812  2.1875153  -0.66028976]
 [-0.02905568 -1.7107642   1.2990676   0.00546498 -1.8452107   1.2284389 ]
 [-0.870457    1.6249177   1.5389129  -0.3971642   0.69469994  0.6532579 ]
 [-0.99532     1.4246271  -1.4219195  -0.5308926   0.4016251  -0.5424651 ]
 [ 0.8611682   1.253131   -1.3632247   0.29766405  0.14741555 -0.36810696]
 [-0.04542826  0.37200713  0.04737173 -0.01247053  0.08249299  0.00510323]
 [ 0.0573983  -1.8057016  -1.3258642   0.02493262 -0.9581134  -0.59112364]
 [ 0.15324277 -1.4535452   1.4272501   0.03068733 -0.0302356   0.09600412]]

cov
[[1. 1. 1. 1. 1. 1.]
 [1. 1. 1. 1. 1. 1.]
 [1. 1. 1. 1. 1. 1.]
 [1. 1. 1. 1. 1. 1.]
 [1. 1. 1. 1. 1. 1.]
 [1. 1. 1. 1. 1. 1.]
 [1. 1. 1. 1. 1. 1.]
 [1. 1. 1. 1. 1. 1.]
 [1. 1. 1. 1. 1. 1.]
 [1. 1. 1. 1. 1. 1.]]

trans
[[0.64589036 0.00551072 0.01215791 0.09489667 0.01090802 0.01604867
  0.01229837 0.10925551 0.08929048 0.12152564]
 [0.0029514  0.67152286 0.02858038 0.03959006 0.03881451 0.00741775
  0.09069154 0.01120938 0.00861618 0.0670316 ]
 [0.01694642 0.00828561 0.7323178  0.00573872 0.01816449 0.007941
  0.00338164 0.03081237 0.01694823 0.01401685]
 [0.0058372  0.07033493 0.02013699 0.741806   0.08951958 0.00324389
  0.00147866 0.00415802 0.04773582 0.00792378]
 [0.00589842 0.01656528 0.03471368 0.03749926 0.64071137 0.09483791
  0.00370094 0.01473469 0.0245553  0.05028712]
 [0.00862553 0.00697492 0.03982496 0.0059454  0.02057843 0.6479358
  0.00867071 0.01640217 0.04870997 0.00313653]
 [0.01058938 0.03968904 0.03241656 0.00363161 0.00585226 0.02191662
  0.66157645 0.0198643  0.05559049 0.0054946 ]
 [0.29083595 0.00783364 0.04282997 0.00704334 0.0115912  0.00690212
  0.01020829 0.7792388  0.01643198 0.01560788]
 [0.00604588 0.01104897 0.05345787 0.05769491 0.02868679 0.16638345
  0.15757725 0.00538029 0.6557382  0.02680507]
 [0.00637949 0.16223401 0.00356385 0.00615404 0.13517334 0.02737277
  0.05041612 0.00894443 0.03638338 0.6881709 ]]

lengths
[1.4432983 1.4140941 1.5068688 1.4636208 1.4530113 1.4544309 1.4482244
 1.4495884 1.4154918 1.4287579]

Epoch: 12, Loss: 5908.7354
mean
[[-0.01056133 -0.92179173 -0.04558539 -0.00825045 -0.26909968  0.02615207]
 [ 1.0022618   1.4061235   1.5427225   0.47352746  0.45649245  0.58640456]
 [ 0.06284919  2.083033   -0.707089    0.04632312  2.1873786  -0.6360018 ]
 [-0.03238729 -1.7192789   1.3012179   0.00395059 -1.8471584   1.2235914 ]
 [-0.88457614  1.6349086   1.5122199  -0.39671344  0.6780059   0.63450986]
 [-0.98701566  1.4432945  -1.4285997  -0.5455619   0.5001246  -0.57700115]
 [ 0.86232376  1.2858899  -1.3350747   0.29450226  0.14595072 -0.35374478]
 [-0.04273376  0.35217774  0.03116122 -0.02148112  0.07809465  0.00670824]
 [ 0.06888949 -1.8147317  -1.3208759   0.02410207 -0.9608261  -0.5819229 ]
 [ 0.16278487 -1.4487437   1.4455963   0.03071478 -0.03517954  0.10275906]]

cov
[[1. 1. 1. 1. 1. 1.]
 [1. 1. 1. 1. 1. 1.]
 [1. 1. 1. 1. 1. 1.]
 [1. 1. 1. 1. 1. 1.]
 [1. 1. 1. 1. 1. 1.]
 [1. 1. 1. 1. 1. 1.]
 [1. 1. 1. 1. 1. 1.]
 [1. 1. 1. 1. 1. 1.]
 [1. 1. 1. 1. 1. 1.]
 [1. 1. 1. 1. 1. 1.]]

trans
[[0.6329484  0.00543165 0.01208643 0.09985219 0.01041159 0.01590658
  0.0128382  0.10144253 0.09263079 0.12907374]
 [0.00312901 0.674166   0.02767217 0.03805282 0.03908058 0.00641455
  0.08555225 0.01042461 0.00884729 0.06482965]
 [0.0224063  0.00762909 0.73748744 0.00580489 0.01466599 0.00695583
  0.00307926 0.02946081 0.01671488 0.01330612]
 [0.00656192 0.06928331 0.02092396 0.7417148  0.08593062 0.00405305
  0.00144402 0.00422347 0.04742151 0.007517  ]
 [0.00628265 0.01610645 0.03072091 0.0353979  0.64604425 0.08892574
  0.00351558 0.01557378 0.02550194 0.05092843]
 [0.00841191 0.00626586 0.04704053 0.00576224 0.02444183 0.648898
  0.00870769 0.01542654 0.04461382 0.0027587 ]
 [0.01189879 0.03804145 0.03350091 0.0034569  0.005366   0.02354598
  0.6638708  0.01943804 0.05839629 0.00604301]
 [0.29526448 0.00782911 0.04032904 0.00650322 0.01088327 0.00638606
  0.0116638  0.7897986  0.01538954 0.01502053]
 [0.00629195 0.01044495 0.04713713 0.05773275 0.02760928 0.17218256
  0.15790032 0.00505671 0.65252864 0.02589136]
 [0.00680461 0.1648021  0.00310149 0.00572231 0.13556662 0.02673162
  0.05142808 0.00915488 0.0379553  0.68463147]]

lengths
[1.454259  1.4090636 1.513105  1.462083  1.4493263 1.4061795 1.4325259
 1.4545774 1.415441  1.4262154]

Epoch: 13, Loss: 5908.5858
mean
[[-0.00422927 -0.93478686 -0.04485367 -0.00248089 -0.27800775  0.02364825]
 [ 0.9995379   1.3974766   1.5469579   0.47077936  0.43838164  0.5883418 ]
 [ 0.08193266  2.0838223  -0.67896825  0.06310149  2.1944103  -0.62106586]
 [-0.03748912 -1.7267435   1.3033037  -0.00314813 -1.8450489   1.2293915 ]
 [-0.87780815  1.64174     1.5146931  -0.38991082  0.6661178   0.6354262 ]
 [-1.0157676   1.4652723  -1.4261328  -0.58169234  0.54867274 -0.6087373 ]
 [ 0.8567033   1.307611   -1.3550577   0.28931805  0.13116953 -0.35650122]
 [-0.03211863  0.33960313  0.02858334 -0.02751709  0.07356262  0.00818762]
 [ 0.06797531 -1.8038814  -1.326242    0.0264062  -0.96307313 -0.588745  ]
 [ 0.1550982  -1.4484321   1.4411461   0.02955159 -0.03415332  0.10076104]]

cov
[[1. 1. 1. 1. 1. 1.]
 [1. 1. 1. 1. 1. 1.]
 [1. 1. 1. 1. 1. 1.]
 [1. 1. 1. 1. 1. 1.]
 [1. 1. 1. 1. 1. 1.]
 [1. 1. 1. 1. 1. 1.]
 [1. 1. 1. 1. 1. 1.]
 [1. 1. 1. 1. 1. 1.]
 [1. 1. 1. 1. 1. 1.]
 [1. 1. 1. 1. 1. 1.]]

trans
[[0.6332779  0.00535617 0.01257673 0.09990536 0.01047417 0.01615983
  0.01376354 0.09537954 0.09489563 0.1326449 ]
 [0.00332411 0.67459124 0.0286339  0.03780796 0.04048407 0.00573696
  0.08932657 0.01028676 0.00903103 0.06341008]
 [0.02678149 0.00717272 0.739527   0.00590761 0.01294839 0.00637339
  0.00291697 0.02836966 0.01602045 0.01250103]
 [0.00714917 0.06928577 0.02167079 0.74516964 0.08389604 0.0054457
  0.00144232 0.00423232 0.04733485 0.00712262]
 [0.00658822 0.01582787 0.02964977 0.034309   0.6424736  0.08861243
  0.00349437 0.01570082 0.02651573 0.04963953]
 [0.0079374  0.0056308  0.04955559 0.00553207 0.02830402 0.64548844
  0.00915964 0.01358743 0.04277997 0.00240466]
 [0.01325915 0.03554381 0.03252758 0.00333682 0.00516299 0.02568482
  0.6563803  0.0180866  0.06095789 0.00653731]
 [0.28819767 0.00780419 0.03979326 0.00606917 0.01081582 0.00612305
  0.01380617 0.8003574  0.01447008 0.0143483 ]
 [0.00639437 0.00986899 0.04330858 0.05659598 0.02837632 0.17597722
  0.16174962 0.00471338 0.6488706  0.02485822]
 [0.00709054 0.16891845 0.00275682 0.00536641 0.13706458 0.02439819
  0.0479605  0.00928609 0.03912373 0.68653333]]

lengths
[1.4550011 1.4115446 1.513374  1.4601009 1.4484712 1.4062196 1.4432272
 1.4475892 1.4193789 1.426396 ]

Epoch: 14, Loss: 5908.4609
mean
[[-0.00607652 -0.9470771  -0.04431841 -0.00390166 -0.27847376  0.02434105]
 [ 0.9966308   1.3878646   1.5501404   0.46887413  0.43482673  0.58916855]
 [ 0.09259318  2.0822728  -0.6649561   0.07607657  2.1900077  -0.6066959 ]
 [-0.0351227  -1.7285779   1.3027223  -0.00017473 -1.8455594   1.2272925 ]
 [-0.878058    1.639653    1.5193211  -0.39312676  0.67117745  0.6354246 ]
 [-1.019936    1.4827085  -1.4325944  -0.5969541   0.5760043  -0.634475  ]
 [ 0.82174283  1.3170897  -1.349587    0.27678064  0.13262054 -0.34100726]
 [-0.02417792  0.33309436  0.02479674 -0.03073418  0.07139006  0.00851242]
 [ 0.06711719 -1.7990867  -1.3341188   0.02571447 -0.96272695 -0.5948581 ]
 [ 0.15966144 -1.4505011   1.4421083   0.02982314 -0.03500123  0.10050106]]

cov
[[1. 1. 1. 1. 1. 1.]
 [1. 1. 1. 1. 1. 1.]
 [1. 1. 1. 1. 1. 1.]
 [1. 1. 1. 1. 1. 1.]
 [1. 1. 1. 1. 1. 1.]
 [1. 1. 1. 1. 1. 1.]
 [1. 1. 1. 1. 1. 1.]
 [1. 1. 1. 1. 1. 1.]
 [1. 1. 1. 1. 1. 1.]
 [1. 1. 1. 1. 1. 1.]]

trans
[[0.63130546 0.00534364 0.0136549  0.10058948 0.01055355 0.01621312
  0.01448834 0.09301839 0.09423023 0.13441288]
 [0.00356724 0.6745798  0.03028988 0.03863691 0.04118109 0.00516457
  0.09082384 0.01037205 0.00891692 0.06457804]
 [0.02918797 0.00692088 0.73806685 0.00608938 0.01177376 0.00591309
  0.00276451 0.02771199 0.01496586 0.01185919]
 [0.00768154 0.06981286 0.02242301 0.74446994 0.08271673 0.00756963
  0.00142193 0.00430202 0.04666054 0.0068109 ]
 [0.00693348 0.01584532 0.0298996  0.03477222 0.6443351  0.09045273
  0.00348624 0.01575786 0.02682154 0.04947446]
 [0.007549   0.0051351  0.04960582 0.00535601 0.02987793 0.6476998
  0.00963297 0.0128036  0.04258359 0.00212241]
 [0.01503821 0.0348354  0.03136601 0.00327416 0.00500708 0.02734403
  0.6538703  0.01813502 0.06110423 0.00697149]
 [0.285043   0.00786634 0.04058898 0.00575583 0.01080516 0.0059048
  0.01607148 0.80386204 0.01352024 0.01382739]
 [0.00646089 0.00956255 0.04160666 0.05595379 0.02909548 0.1718529
  0.162516   0.00450703 0.65240145 0.02420222]
 [0.00723321 0.1700981  0.0024983  0.00510229 0.13465418 0.02188534
  0.04492441 0.00952999 0.03879542 0.685741  ]]

lengths
[1.4525476 1.4094403 1.5128645 1.4600843 1.452262  1.4243661 1.4422688
 1.4504461 1.417349  1.4254566]

Epoch: 15, Loss: 5908.2939
mean
[[-0.00414412 -0.95284986 -0.04905368 -0.0052836  -0.28148487  0.02430054]
 [ 0.99510634  1.3852333   1.5475266   0.46658373  0.4308898   0.58523935]
 [ 0.10180165  2.0797255  -0.6604544   0.0844148   2.1859334  -0.6017088 ]
 [-0.03477479 -1.7268859   1.3003448   0.00023673 -1.8470044   1.2245646 ]
 [-0.8844861   1.6366965   1.5124959  -0.39368394  0.67148983  0.6349387 ]
 [-1.0305256   1.4917023  -1.4357678  -0.6163376   0.6102056  -0.6516998 ]
 [ 0.8171226   1.321248   -1.3377279   0.27330244  0.12876865 -0.34024748]
 [-0.02513633  0.32577544  0.02561703 -0.03183474  0.07041685  0.00926825]
 [ 0.07131619 -1.8020531  -1.3357574   0.02729215 -0.9631747  -0.5946954 ]
 [ 0.15807182 -1.4521661   1.4480404   0.0283725  -0.03360745  0.09931766]]

cov
[[1. 1. 1. 1. 1. 1.]
 [1. 1. 1. 1. 1. 1.]
 [1. 1. 1. 1. 1. 1.]
 [1. 1. 1. 1. 1. 1.]
 [1. 1. 1. 1. 1. 1.]
 [1. 1. 1. 1. 1. 1.]
 [1. 1. 1. 1. 1. 1.]
 [1. 1. 1. 1. 1. 1.]
 [1. 1. 1. 1. 1. 1.]
 [1. 1. 1. 1. 1. 1.]]

trans
[[0.6274152  0.0053928  0.01503666 0.10211993 0.0107323  0.01618063
  0.01500593 0.09149145 0.09427712 0.1366148 ]
 [0.00379138 0.67385626 0.03150967 0.03897168 0.04148622 0.00469363
  0.08820707 0.01008711 0.00875832 0.06525589]
 [0.02997993 0.00682598 0.7363505  0.00630817 0.01102496 0.00555402
  0.00260835 0.02719653 0.01411773 0.01138622]
 [0.00814384 0.07017854 0.02293875 0.7429743  0.08323321 0.01063925
  0.00138176 0.00436949 0.04628624 0.00653058]
 [0.0072499  0.01604954 0.03018808 0.03521962 0.64429194 0.09178259
  0.003465   0.01554793 0.02681536 0.04952648]
 [0.00719469 0.00474788 0.0491155  0.00519885 0.02958641 0.64741355
  0.01001135 0.01255305 0.04264447 0.00188522]
 [0.01711451 0.03562438 0.03043322 0.00324416 0.00491842 0.0283948
  0.6560894  0.01877158 0.06208075 0.00728436]
 [0.28540757 0.00800679 0.04123589 0.00549965 0.01088603 0.00573049
  0.01817029 0.8060471  0.01277126 0.01337768]
 [0.00648512 0.0094614  0.04091027 0.05558371 0.02955505 0.16946729
  0.16059913 0.00434912 0.65377885 0.02369458]
 [0.00721785 0.16985644 0.00228149 0.00487996 0.1342855  0.02014372
  0.04446169 0.00958668 0.03846986 0.6844442 ]]

lengths
[1.4557251 1.4085798 1.5154763 1.4600351 1.4486039 1.4137181 1.435431
 1.4503777 1.4154787 1.4256378]

Epoch: 16, Loss: 5908.2330
mean
[[-0.00459876 -0.95713544 -0.05157215 -0.00489577 -0.28225663  0.02303296]
 [ 0.99387705  1.3870584   1.5492193   0.4659832   0.42766505  0.5847765 ]
 [ 0.11260465  2.0784314  -0.6566986   0.0961224   2.1873567  -0.59957397]
 [-0.036154   -1.7249686   1.2995185  -0.00167948 -1.8461616   1.2256279 ]
 [-0.87962675  1.6373518   1.51286    -0.39235467  0.6707087   0.6350813 ]
 [-1.0383699   1.4963175  -1.4347106  -0.6301556   0.642363   -0.6691423 ]
 [ 0.7943892   1.3246269  -1.342286    0.26481408  0.12338594 -0.3306822 ]
 [-0.02999367  0.32164717  0.02466062 -0.03022697  0.06933508  0.0097255 ]
 [ 0.06908689 -1.8045157  -1.3371997   0.02623221 -0.96610576 -0.5988072 ]
 [ 0.15925005 -1.4527397   1.4443755   0.02842613 -0.03426028  0.09876738]]

cov
[[1. 1. 1. 1. 1. 1.]
 [1. 1. 1. 1. 1. 1.]
 [1. 1. 1. 1. 1. 1.]
 [1. 1. 1. 1. 1. 1.]
 [1. 1. 1. 1. 1. 1.]
 [1. 1. 1. 1. 1. 1.]
 [1. 1. 1. 1. 1. 1.]
 [1. 1. 1. 1. 1. 1.]
 [1. 1. 1. 1. 1. 1.]
 [1. 1. 1. 1. 1. 1.]]

trans
[[0.62604004 0.00546044 0.01644047 0.10252213 0.01093333 0.01589541
  0.01555781 0.08985741 0.09544114 0.13757034]
 [0.00401481 0.673703   0.03200867 0.03868601 0.04151287 0.00426215
  0.08692647 0.0098124  0.00870398 0.06497912]
 [0.03019616 0.00680307 0.7355839  0.00652994 0.0105463  0.00521563
  0.00248169 0.0269529  0.01357314 0.01105952]
 [0.0085174  0.06990013 0.02308434 0.743722   0.08339258 0.01438727
  0.00134315 0.00441426 0.04622361 0.00625795]
 [0.00753663 0.01627843 0.03004371 0.03514313 0.6452239  0.0908891
  0.00347244 0.01540788 0.02681896 0.04928184]
 [0.00682697 0.00441585 0.04937803 0.00504248 0.02871937 0.64943296
  0.0104023  0.01244561 0.04223403 0.00168008]
 [0.0189739  0.03658106 0.02979486 0.00322065 0.00486661 0.02858028
  0.65308297 0.01888623 0.06274077 0.00736471]
 [0.28429592 0.00813745 0.04105141 0.0052614  0.01099428 0.0055344
  0.02008506 0.80846983 0.01217389 0.01294464]
 [0.00646075 0.00942838 0.04052633 0.0551979  0.0296661  0.16699636
  0.1608389  0.00420673 0.653556   0.02319714]
 [0.00713749 0.16929215 0.0020883  0.00467432 0.13414463 0.01880641
  0.0458092  0.00954674 0.03853447 0.68566465]]

lengths
[1.4561673 1.409585  1.5174812 1.4592003 1.4499933 1.4111428 1.4368548
 1.4496025 1.4163934 1.4251798]

Epoch: 17, Loss: 5908.1835
mean
[[-0.00413441 -0.9608738  -0.05461664 -0.00455397 -0.28382745  0.02278026]
 [ 0.9949645   1.3872887   1.5502317   0.46556893  0.42599773  0.58497244]
 [ 0.12534796  2.0783627  -0.6509226   0.10899165  2.1868093  -0.59424186]
 [-0.03678168 -1.7242016   1.3003789  -0.0021519  -1.8441213   1.2252806 ]
 [-0.8812764   1.6393338   1.5116467  -0.39217818  0.67336756  0.6344655 ]
 [-1.0447991   1.500863   -1.4336933  -0.65239     0.6791231  -0.69349325]
 [ 0.77682436  1.3313501  -1.3356348   0.2580919   0.11827481 -0.3252762 ]
 [-0.03467121  0.31951845  0.02446659 -0.02699442  0.06905152  0.010175  ]
 [ 0.06991522 -1.8043928  -1.3402348   0.02779713 -0.9696202  -0.6012504 ]
 [ 0.15995522 -1.4515563   1.4463761   0.02844264 -0.03426059  0.09868786]]

cov
[[1. 1. 1. 1. 1. 1.]
 [1. 1. 1. 1. 1. 1.]
 [1. 1. 1. 1. 1. 1.]
 [1. 1. 1. 1. 1. 1.]
 [1. 1. 1. 1. 1. 1.]
 [1. 1. 1. 1. 1. 1.]
 [1. 1. 1. 1. 1. 1.]
 [1. 1. 1. 1. 1. 1.]
 [1. 1. 1. 1. 1. 1.]
 [1. 1. 1. 1. 1. 1.]]

trans
[[0.6256641  0.00552951 0.01774119 0.10278209 0.01118147 0.01538752
  0.01596027 0.08888949 0.09649057 0.1382976 ]
 [0.00425542 0.6731842  0.03215252 0.0384579  0.04151357 0.00386836
  0.08595095 0.00973261 0.00868365 0.06503834]
 [0.03036058 0.00681207 0.73522055 0.00676371 0.01027166 0.00489603
